#----------------------------------------------------------------
# Generated using instance generator version v. 1.0.0
# Data set: 1 (=SHORTSEA)
# Vessel types: 1,3
# Vessel count: 2,1
# Number of cargoes: 10
# Cargo sizes: 2
# Time windows: 2
# Regional flow: 1
# Market condition: 1
# Instance number: 3 (out of 5)
#----------------------------------------------------------------

# number of ports
39
# number of vessels
3
# for each vessel: vessel index, home port, starting time, capacity
1,8,0,13200
2,13,110,13200
3,31,46,24000
# number of cargoes
10
# for each vessel, vessel index, and then a list of cargoes that can be transported using that vessel
1,1,2,4,5,6,8,9,10
2,2,4,5,6,8,9,10
3,2,3,4,5,6,7,8,9,10
# for each cargo: cargo index, origin port, destination port, size, cost of not transporting, lb tw pu, ub tw pu, lb tw d, ub tw d
1,26,25,9854,467649,27,99,27,519
2,10,36,3975,399306,547,619,547,1002
3,31,35,15224,695402,0,72,0,553
4,29,34,4587,529266,424,496,424,903
5,17,35,7448,797387,404,476,404,1062
6,31,37,7520,565377,424,496,424,1110
7,32,27,14572,703230,94,166,94,526
8,31,34,2447,658587,158,230,158,845
9,31,27,6458,570986,171,243,171,658
10,2,38,6412,849750,302,374,302,976
# travel times and costs: vessel, origin port, destination port, travel time (in hours), travel cost (in €)
1,1,1,0,0
2,1,1,0,0
3,1,1,0,0
1,1,2,71,48031
2,1,2,71,48031
3,1,2,80,53272
1,1,3,19,12930
2,1,3,19,12930
3,1,3,21,14341
1,1,4,134,90788
2,1,4,134,90788
3,1,4,150,100694
1,1,5,66,45000
2,1,5,66,45000
3,1,5,75,49910
1,1,6,23,15911
2,1,6,23,15911
3,1,6,26,17647
1,1,7,21,14445
2,1,7,21,14445
3,1,7,24,16021
1,1,8,8,5106
2,1,8,8,5106
3,1,8,8,5663
1,1,9,52,35625
2,1,9,52,35625
3,1,9,59,39512
1,1,10,116,78762
2,1,10,116,78762
3,1,10,131,87356
1,1,11,110,74439
2,1,11,110,74439
3,1,11,123,82562
1,1,12,63,42752
2,1,12,63,42752
3,1,12,71,47417
1,1,13,58,39524
2,1,13,58,39524
3,1,13,66,43837
1,1,14,24,16035
2,1,14,24,16035
3,1,14,27,17784
1,1,15,28,18784
2,1,15,28,18784
3,1,15,31,20834
1,1,16,21,14424
2,1,16,21,14424
3,1,16,24,15998
1,1,17,32,22026
2,1,17,32,22026
3,1,17,37,24430
1,1,18,67,45672
2,1,18,67,45672
3,1,18,76,50656
1,1,19,28,18710
2,1,19,28,18710
3,1,19,31,20752
1,1,20,95,64634
2,1,20,95,64634
3,1,20,107,71686
1,1,21,97,65901
2,1,21,97,65901
3,1,21,109,73091
1,1,22,21,14128
2,1,22,21,14128
3,1,22,23,15670
1,1,23,19,12941
2,1,23,19,12941
3,1,23,21,14353
1,1,24,21,14128
2,1,24,21,14128
3,1,24,23,15670
1,1,25,98,66498
2,1,25,98,66498
3,1,25,110,73754
1,1,26,27,18076
2,1,26,27,18076
3,1,26,30,20048
1,1,27,37,25258
2,1,27,37,25258
3,1,27,42,28014
1,1,28,44,30017
2,1,28,44,30017
3,1,28,50,33292
1,1,29,145,98181
2,1,29,145,98181
3,1,29,163,108894
1,1,30,70,47366
2,1,30,70,47366
3,1,30,79,52534
1,1,31,79,53730
2,1,31,79,53730
3,1,31,89,59593
1,1,32,8,5119
2,1,32,8,5119
3,1,32,8,5677
1,1,33,113,76839
2,1,33,113,76839
3,1,33,127,85223
1,1,34,180,122314
2,1,34,180,122314
3,1,34,203,135660
1,1,35,219,148464
2,1,35,219,148464
3,1,35,246,164664
1,1,36,177,120325
2,1,36,177,120325
3,1,36,199,133455
1,1,37,237,160526
2,1,37,237,160526
3,1,37,266,178042
1,1,38,231,156604
2,1,38,231,156604
3,1,38,260,173692
1,1,39,179,121279
2,1,39,179,121279
3,1,39,201,134513
1,2,1,71,48031
2,2,1,71,48031
3,2,1,80,53272
1,2,2,0,0
2,2,2,0,0
3,2,2,0,0
1,2,3,55,37544
2,2,3,55,37544
3,2,3,62,41641
1,2,4,81,55207
2,2,4,81,55207
3,2,4,92,61231
1,2,5,51,34473
2,2,5,51,34473
3,2,5,57,38234
1,2,6,54,36752
2,2,6,54,36752
3,2,6,61,40763
1,2,7,51,34311
2,2,7,51,34311
3,2,7,57,38054
1,2,8,74,50058
2,2,8,74,50058
3,2,8,83,55520
1,2,9,119,80577
2,2,9,119,80577
3,2,9,134,89369
1,2,10,64,43181
2,2,10,64,43181
3,2,10,72,47892
1,2,11,57,38858
2,2,11,57,38858
3,2,11,64,43098
1,2,12,14,9328
2,2,12,14,9328
3,2,12,15,10346
1,2,13,18,12169
2,2,13,18,12169
3,2,13,20,13497
1,2,14,48,32497
2,2,14,48,32497
3,2,14,54,36043
1,2,15,66,44472
2,2,15,66,44472
3,2,15,74,49325
1,2,16,52,35265
2,2,16,52,35265
3,2,16,58,39113
1,2,17,99,66978
2,2,17,99,66978
3,2,17,111,74287
1,2,18,122,82897
2,2,18,122,82897
3,2,18,137,91942
1,2,19,83,56587
2,2,19,83,56587
3,2,19,94,62762
1,2,20,43,29053
2,2,20,43,29053
3,2,20,48,32223
1,2,21,45,30320
2,2,21,45,30320
3,2,21,50,33628
1,2,22,87,59080
2,2,22,87,59080
3,2,22,98,65527
1,2,23,85,57893
2,2,23,85,57893
3,2,23,96,64210
1,2,24,87,59080
2,2,24,87,59080
3,2,24,98,65527
1,2,25,46,30917
2,2,25,46,30917
3,2,25,51,34291
1,2,26,50,34134
2,2,26,50,34134
3,2,26,57,37858
1,2,27,103,70210
2,2,27,103,70210
3,2,27,116,77871
1,2,28,31,21154
2,2,28,31,21154
3,2,28,35,23462
1,2,29,92,62600
2,2,29,92,62600
3,2,29,104,69431
1,2,30,3,2090
2,2,30,3,2090
3,2,30,3,2318
1,2,31,27,18149
2,2,31,27,18149
3,2,31,30,20129
1,2,32,66,44797
2,2,32,66,44797
3,2,32,74,49685
1,2,33,61,41258
2,2,33,61,41258
3,2,33,68,45760
1,2,34,128,86733
2,2,34,128,86733
3,2,34,144,96197
1,2,35,166,112883
2,2,35,166,112883
3,2,35,187,125200
1,2,36,125,84744
2,2,36,125,84744
3,2,36,140,93991
1,2,37,184,124945
2,2,37,184,124945
3,2,37,207,138579
1,2,38,178,121023
2,2,38,178,121023
3,2,38,201,134229
1,2,39,126,85698
2,2,39,126,85698
3,2,39,142,95049
1,3,1,19,12930
2,3,1,19,12930
3,3,1,21,14341
1,3,2,55,37544
2,3,2,55,37544
3,3,2,62,41641
1,3,3,0,0
2,3,3,0,0
3,3,3,0,0
1,3,4,118,80302
2,3,4,118,80302
3,3,4,133,89064
1,3,5,51,34514
2,3,5,51,34514
3,3,5,57,38280
1,3,6,7,4969
2,3,6,7,4969
3,3,6,8,5511
1,3,7,5,3506
2,3,7,5,3506
3,3,7,6,3888
1,3,8,22,14957
2,3,8,22,14957
3,3,8,25,16589
1,3,9,67,45476
2,3,9,67,45476
3,3,9,75,50439
1,3,10,101,68275
2,3,10,101,68275
3,3,10,113,75725
1,3,11,94,63953
2,3,11,94,63953
3,3,11,106,70931
1,3,12,48,32266
2,3,12,48,32266
3,3,12,53,35787
1,3,13,43,29038
2,3,13,43,29038
3,3,13,48,32207
1,3,14,8,5238
2,3,14,8,5238
3,3,14,9,5810
1,3,15,20,13653
2,3,15,20,13653
3,3,15,23,15143
1,3,16,5,3482
2,3,16,5,3482
3,3,16,6,3862
1,3,17,47,31878
2,3,17,47,31878
3,3,17,53,35356
1,3,18,73,49630
2,3,18,73,49630
3,3,18,82,55045
1,3,19,34,22923
2,3,19,34,22923
3,3,19,38,25424
1,3,20,80,54147
2,3,20,80,54147
3,3,20,90,60056
1,3,21,82,55414
2,3,21,82,55414
3,3,21,92,61461
1,3,22,35,23980
2,3,22,35,23980
3,3,22,40,26596
1,3,23,34,22793
2,3,23,34,22793
3,3,23,38,25280
1,3,24,35,23980
2,3,24,35,23980
3,3,24,40,26596
1,3,25,83,56012
2,3,25,83,56012
3,3,25,93,62124
1,3,26,12,8073
2,3,26,12,8073
3,3,26,13,8953
1,3,27,52,35109
2,3,27,52,35109
3,3,27,58,38940
1,3,28,29,19531
2,3,28,29,19531
3,3,28,32,21662
1,3,29,129,87695
2,3,29,129,87695
3,3,29,145,97264
1,3,30,54,36880
2,3,30,54,36880
3,3,30,61,40904
1,3,31,64,43244
2,3,31,64,43244
3,3,31,72,47962
1,3,32,14,9697
2,3,32,14,9697
3,3,32,16,10755
1,3,33,98,66353
2,3,33,98,66353
3,3,33,110,73593
1,3,34,165,111828
2,3,34,165,111828
3,3,34,185,124030
1,3,35,203,137978
2,3,35,203,137978
3,3,35,229,153033
1,3,36,162,109839
2,3,36,162,109839
3,3,36,182,121824
1,3,37,221,150040
2,3,37,221,150040
3,3,37,249,166412
1,3,38,215,146118
2,3,38,215,146118
3,3,38,242,162062
1,3,39,163,110793
2,3,39,163,110793
3,3,39,184,122882
1,4,1,134,90788
2,4,1,134,90788
3,4,1,150,100694
1,4,2,81,55207
2,4,2,81,55207
3,4,2,92,61231
1,4,3,118,80302
2,4,3,118,80302
3,4,3,133,89064
1,4,4,0,0
2,4,4,0,0
3,4,4,0,0
1,4,5,112,75887
2,4,5,112,75887
3,4,5,126,84168
1,4,6,117,79509
2,4,6,117,79509
3,4,6,132,88185
1,4,7,114,77068
2,4,7,114,77068
3,4,7,128,85477
1,4,8,137,92815
2,4,8,137,92815
3,4,8,154,102943
1,4,9,182,123334
2,4,9,182,123334
3,4,9,204,136792
1,4,10,18,12316
2,4,10,18,12316
3,4,10,20,13660
1,4,11,26,17826
2,4,11,26,17826
3,4,11,30,19771
1,4,12,89,60083
2,4,12,89,60083
3,4,12,100,66639
1,4,13,89,60168
2,4,13,89,60168
3,4,13,100,66734
1,4,14,111,75254
2,4,14,111,75254
3,4,14,125,83465
1,4,15,129,87229
2,4,15,129,87229
3,4,15,145,96747
1,4,16,115,78023
2,4,16,115,78023
3,4,16,129,86536
1,4,17,162,109736
2,4,17,162,109736
3,4,17,182,121710
1,4,18,185,125238
2,4,18,185,125238
3,4,18,208,138903
1,4,19,146,99344
2,4,19,146,99344
3,4,19,165,110184
1,4,20,40,27333
2,4,20,40,27333
3,4,20,45,30315
1,4,21,39,26406
2,4,21,39,26406
3,4,21,44,29287
1,4,22,150,101837
2,4,22,150,101837
3,4,22,169,112949
1,4,23,148,100651
2,4,23,148,100651
3,4,23,167,111633
1,4,24,150,101837
2,4,24,150,101837
3,4,24,169,112949
1,4,25,36,24705
2,4,25,36,24705
3,4,25,41,27401
1,4,26,113,76891
2,4,26,113,76891
3,4,26,127,85281
1,4,27,166,112967
2,4,27,166,112967
3,4,27,187,125294
1,4,28,93,63362
2,4,28,93,63362
3,4,28,105,70276
1,4,29,70,47332
2,4,29,70,47332
3,4,29,78,52496
1,4,30,78,53190
2,4,30,78,53190
3,4,30,88,58994
1,4,31,57,38586
2,4,31,57,38586
3,4,31,64,42796
1,4,32,129,87554
2,4,32,129,87554
3,4,32,145,97108
1,4,33,23,15510
2,4,33,23,15510
3,4,33,26,17203
1,4,34,47,32080
2,4,34,47,32080
3,4,34,53,35580
1,4,35,87,58932
2,4,35,87,58932
3,4,35,98,65363
1,4,36,44,30091
2,4,36,44,30091
3,4,36,50,33375
1,4,37,104,70743
2,4,37,104,70743
3,4,37,117,78462
1,4,38,98,66821
2,4,38,98,66821
3,4,38,111,74112
1,4,39,46,31045
2,4,39,46,31045
3,4,39,51,34433
1,5,1,66,45000
2,5,1,66,45000
3,5,1,75,49910
1,5,2,51,34473
2,5,2,51,34473
3,5,2,57,38234
1,5,3,51,34514
2,5,3,51,34514
3,5,3,57,38280
1,5,4,112,75887
2,5,4,112,75887
3,5,4,126,84168
1,5,5,0,0
2,5,5,0,0
3,5,5,0,0
1,5,6,50,33765
2,5,6,50,33765
3,5,6,56,37450
1,5,7,46,31326
2,5,7,46,31326
3,5,7,52,34744
1,5,8,69,47027
2,5,8,69,47027
3,5,8,78,52159
1,5,9,114,77546
2,5,9,114,77546
3,5,9,129,86008
1,5,10,94,63861
2,5,10,94,63861
3,5,10,106,70830
1,5,11,88,59539
2,5,11,88,59539
3,5,11,99,66035
1,5,12,43,29194
2,5,12,43,29194
3,5,12,48,32380
1,5,13,38,25966
2,5,13,38,25966
3,5,13,43,28800
1,5,14,44,29532
2,5,14,44,29532
3,5,14,49,32754
1,5,15,55,37139
2,5,15,55,37139
3,5,15,62,41191
1,5,16,48,32278
2,5,16,48,32278
3,5,16,54,35800
1,5,17,94,63948
2,5,17,94,63948
3,5,17,106,70925
1,5,18,81,54760
2,5,18,81,54760
3,5,18,91,60736
1,5,19,54,36614
2,5,19,54,36614
3,5,19,61,40610
1,5,20,73,49733
2,5,20,73,49733
3,5,20,82,55160
1,5,21,75,51000
2,5,21,75,51000
3,5,21,85,56565
1,5,22,83,56049
2,5,22,83,56049
3,5,22,93,62165
1,5,23,81,54863
2,5,23,81,54863
3,5,23,91,60849
1,5,24,83,56049
2,5,24,83,56049
3,5,24,93,62165
1,5,25,76,51598
2,5,25,76,51598
3,5,25,86,57228
1,5,26,46,31103
2,5,26,46,31103
3,5,26,52,34497
1,5,27,99,67179
2,5,27,99,67179
3,5,27,111,74510
1,5,28,23,15308
2,5,28,23,15308
3,5,28,25,16978
1,5,29,123,83210
2,5,29,123,83210
3,5,29,138,92290
1,5,30,50,33799
2,5,30,50,33799
3,5,30,56,37487
1,5,31,57,38830
2,5,31,57,38830
3,5,31,64,43067
1,5,32,62,41766
2,5,32,62,41766
3,5,32,69,46324
1,5,33,91,61939
2,5,33,91,61939
3,5,33,103,68697
1,5,34,158,107414
2,5,34,158,107414
3,5,34,178,119134
1,5,35,197,133563
2,5,35,197,133563
3,5,35,221,148138
1,5,36,155,105425
2,5,36,155,105425
3,5,36,175,116929
1,5,37,215,145626
2,5,37,215,145626
3,5,37,241,161516
1,5,38,209,141704
2,5,38,209,141704
3,5,38,235,157166
1,5,39,157,106379
2,5,39,157,106379
3,5,39,176,117987
1,6,1,23,15911
2,6,1,23,15911
3,6,1,26,17647
1,6,2,54,36752
2,6,2,54,36752
3,6,2,61,40763
1,6,3,7,4969
2,6,3,7,4969
3,6,3,8,5511
1,6,4,117,79509
2,6,4,117,79509
3,6,4,132,88185
1,6,5,50,33765
2,6,5,50,33765
3,6,5,56,37450
1,6,6,0,0
2,6,6,0,0
3,6,6,0,0
1,6,7,4,2442
2,6,7,4,2442
3,6,7,4,2708
1,6,8,26,17938
2,6,8,26,17938
3,6,8,30,19896
1,6,9,71,48457
2,6,9,71,48457
3,6,9,80,53745
1,6,10,99,67483
2,6,10,99,67483
3,6,10,112,74847
1,6,11,93,63161
2,6,11,93,63161
3,6,11,105,70053
1,6,12,46,31474
2,6,12,46,31474
3,6,12,52,34908
1,6,13,42,28246
2,6,13,42,28246
3,6,13,47,31328
1,6,14,6,4283
2,6,14,6,4283
3,6,14,7,4751
1,6,15,22,15222
2,6,15,22,15222
3,6,15,25,16883
1,6,16,2,1487
2,6,16,2,1487
3,6,16,2,1649
1,6,17,51,34859
2,6,17,51,34859
3,6,17,58,38663
1,6,18,77,52320
2,6,18,77,52320
3,6,18,87,58029
1,6,19,38,25689
2,6,19,38,25689
3,6,19,43,28492
1,6,20,79,53355
2,6,20,79,53355
3,6,20,88,59177
1,6,21,80,54622
2,6,21,80,54622
3,6,21,91,60582
1,6,22,40,26961
2,6,22,40,26961
3,6,22,45,29902
1,6,23,38,25774
2,6,23,38,25774
3,6,23,43,28586
1,6,24,40,26961
2,6,24,40,26961
3,6,24,45,29902
1,6,25,81,55220
2,6,25,81,55220
3,6,25,92,61245
1,6,26,11,7783
2,6,26,11,7783
3,6,26,13,8633
1,6,27,56,38091
2,6,27,56,38091
3,6,27,63,42247
1,6,28,28,18783
2,6,28,28,18783
3,6,28,31,20832
1,6,29,128,86903
2,6,29,128,86903
3,6,29,144,96385
1,6,30,53,36087
2,6,30,53,36087
3,6,30,60,40025
1,6,31,63,42452
2,6,31,63,42452
3,6,31,70,47084
1,6,32,19,12678
2,6,32,19,12678
3,6,32,21,14061
1,6,33,97,65560
2,6,33,97,65560
3,6,33,109,72714
1,6,34,164,111036
2,6,34,164,111036
3,6,34,184,123151
1,6,35,202,137186
2,6,35,202,137186
3,6,35,227,152155
1,6,36,161,109047
2,6,36,161,109047
3,6,36,181,120946
1,6,37,220,149248
2,6,37,220,149248
3,6,37,247,165533
1,6,38,214,145326
2,6,38,214,145326
3,6,38,241,161183
1,6,39,162,110001
2,6,39,162,110001
3,6,39,182,122004
1,7,1,21,14445
2,7,1,21,14445
3,7,1,24,16021
1,7,2,51,34311
2,7,2,51,34311
3,7,2,57,38054
1,7,3,5,3506
2,7,3,5,3506
3,7,3,6,3888
1,7,4,114,77068
2,7,4,114,77068
3,7,4,128,85477
1,7,5,46,31326
2,7,5,46,31326
3,7,5,52,34744
1,7,6,4,2442
2,7,6,4,2442
3,7,6,4,2708
1,7,7,0,0
2,7,7,0,0
3,7,7,0,0
1,7,8,24,16472
2,7,8,24,16472
3,7,8,27,18269
1,7,9,69,46991
2,7,9,69,46991
3,7,9,78,52118
1,7,10,96,65041
2,7,10,96,65041
3,7,10,108,72139
1,7,11,89,60719
2,7,11,89,60719
3,7,11,101,67344
1,7,12,43,29032
2,7,12,43,29032
3,7,12,48,32200
1,7,13,38,25804
2,7,13,38,25804
3,7,13,43,28620
1,7,14,3,1841
2,7,14,3,1841
3,7,14,3,2042
1,7,15,20,13352
2,7,15,20,13352
3,7,15,22,14809
1,7,16,1,955
2,7,16,1,955
3,7,16,2,1059
1,7,17,49,33393
2,7,17,49,33393
3,7,17,55,37036
1,7,18,75,50770
2,7,18,75,50770
3,7,18,84,56310
1,7,19,36,24164
2,7,19,36,24164
3,7,19,40,26801
1,7,20,75,50913
2,7,20,75,50913
3,7,20,84,56469
1,7,21,77,52180
2,7,21,77,52180
3,7,21,86,57874
1,7,22,38,25494
2,7,22,38,25494
3,7,22,42,28276
1,7,23,36,24308
2,7,23,36,24308
3,7,23,40,26960
1,7,24,38,25494
2,7,24,38,25494
3,7,24,42,28276
1,7,25,78,52778
2,7,25,78,52778
3,7,25,87,58537
1,7,26,8,5417
2,7,26,8,5417
3,7,26,9,6009
1,7,27,54,36624
2,7,27,54,36624
3,7,27,61,40620
1,7,28,24,16343
2,7,28,24,16343
3,7,28,27,18126
1,7,29,124,84461
2,7,29,124,84461
3,7,29,140,93677
1,7,30,50,33646
2,7,30,50,33646
3,7,30,56,37317
1,7,31,59,40010
2,7,31,59,40010
3,7,31,66,44376
1,7,32,17,11211
2,7,32,17,11211
3,7,32,19,12435
1,7,33,93,63119
2,7,33,93,63119
3,7,33,105,70006
1,7,34,160,108594
2,7,34,160,108594
3,7,34,180,120443
1,7,35,199,134744
2,7,35,199,134744
3,7,35,223,149446
1,7,36,157,106605
2,7,36,157,106605
3,7,36,177,118237
1,7,37,216,146806
2,7,37,216,146806
3,7,37,243,162825
1,7,38,211,142884
2,7,38,211,142884
3,7,38,237,158475
1,7,39,158,107559
2,7,39,158,107559
3,7,39,178,119296
1,8,1,8,5106
2,8,1,8,5106
3,8,1,8,5663
1,8,2,74,50058
2,8,2,74,50058
3,8,2,83,55520
1,8,3,22,14957
2,8,3,22,14957
3,8,3,25,16589
1,8,4,137,92815
2,8,4,137,92815
3,8,4,154,102943
1,8,5,69,47027
2,8,5,69,47027
3,8,5,78,52159
1,8,6,26,17938
2,8,6,26,17938
3,8,6,30,19896
1,8,7,24,16472
2,8,7,24,16472
3,8,7,27,18269
1,8,8,0,0
2,8,8,0,0
3,8,8,0,0
1,8,9,51,34452
2,8,9,51,34452
3,8,9,57,38211
1,8,10,119,80789
2,8,10,119,80789
3,8,10,134,89604
1,8,11,113,76466
2,8,11,113,76466
3,8,11,127,84810
1,8,12,66,44779
2,8,12,66,44779
3,8,12,74,49666
1,8,13,61,41552
2,8,13,61,41552
3,8,13,69,46086
1,8,14,27,18062
2,8,14,27,18062
3,8,14,30,20033
1,8,15,30,20665
2,8,15,30,20665
3,8,15,34,22920
1,8,16,24,16451
2,8,16,24,16451
3,8,16,27,18247
1,8,17,31,20854
2,8,17,31,20854
3,8,17,35,23129
1,8,18,69,46703
2,8,18,69,46703
3,8,18,77,51799
1,8,19,29,19741
2,8,19,29,19741
3,8,19,33,21895
1,8,20,98,66661
2,8,20,98,66661
3,8,20,110,73935
1,8,21,100,67928
2,8,21,100,67928
3,8,21,113,75340
1,8,22,19,12955
2,8,22,19,12955
3,8,22,21,14369
1,8,23,17,11769
2,8,23,17,11769
3,8,23,20,13053
1,8,24,19,12955
2,8,24,19,12955
3,8,24,21,14369
1,8,25,101,68526
2,8,25,101,68526
3,8,25,114,76003
1,8,26,30,20103
2,8,26,30,20103
3,8,26,33,22297
1,8,27,35,24085
2,8,27,35,24085
3,8,27,40,26714
1,8,28,47,32044
2,8,28,47,32044
3,8,28,53,35541
1,8,29,148,100208
2,8,29,148,100208
3,8,29,166,111143
1,8,30,73,49393
2,8,30,73,49393
3,8,30,82,54782
1,8,31,82,55757
2,8,31,82,55757
3,8,31,92,61841
1,8,32,11,7146
2,8,32,11,7146
3,8,32,12,7926
1,8,33,116,78866
2,8,33,116,78866
3,8,33,131,87472
1,8,34,183,124341
2,8,34,183,124341
3,8,34,206,137909
1,8,35,222,150491
2,8,35,222,150491
3,8,35,249,166912
1,8,36,180,122352
2,8,36,180,122352
3,8,36,203,135703
1,8,37,239,162553
2,8,37,239,162553
3,8,37,269,180290
1,8,38,234,158631
2,8,38,234,158631
3,8,38,263,175940
1,8,39,182,123306
2,8,39,182,123306
3,8,39,204,136761
1,9,1,52,35625
2,9,1,52,35625
3,9,1,59,39512
1,9,2,119,80577
2,9,2,119,80577
3,9,2,134,89369
1,9,3,67,45476
2,9,3,67,45476
3,9,3,75,50439
1,9,4,182,123334
2,9,4,182,123334
3,9,4,204,136792
1,9,5,114,77546
2,9,5,114,77546
3,9,5,129,86008
1,9,6,71,48457
2,9,6,71,48457
3,9,6,80,53745
1,9,7,69,46991
2,9,7,69,46991
3,9,7,78,52118
1,9,8,51,34452
2,9,8,51,34452
3,9,8,57,38211
1,9,9,0,0
2,9,9,0,0
3,9,9,0,0
1,9,10,164,111308
2,9,10,164,111308
3,9,10,184,123453
1,9,11,158,106985
2,9,11,158,106985
3,9,11,177,118659
1,9,12,111,75298
2,9,12,111,75298
3,9,12,125,83515
1,9,13,106,72071
2,9,13,106,72071
3,9,13,119,79935
1,9,14,72,48581
2,9,14,72,48581
3,9,14,81,53882
1,9,15,75,51184
2,9,15,75,51184
3,9,15,85,56769
1,9,16,69,46970
2,9,16,69,46970
3,9,16,78,52096
1,9,17,29,19628
2,9,17,29,19628
3,9,17,33,21770
1,9,18,106,71742
2,9,18,106,71742
3,9,18,119,79570
1,9,19,66,44779
2,9,19,66,44779
3,9,19,74,49666
1,9,20,143,97180
2,9,20,143,97180
3,9,20,161,107784
1,9,21,145,98447
2,9,21,145,98447
3,9,21,163,109189
1,9,22,39,26506
2,9,22,39,26506
3,9,22,44,29398
1,9,23,37,25319
2,9,23,37,25319
3,9,23,42,28082
1,9,24,39,26506
2,9,24,39,26506
3,9,24,44,29398
1,9,25,146,99045
2,9,25,146,99045
3,9,25,164,109852
1,9,26,75,50622
2,9,26,75,50622
3,9,26,84,56146
1,9,27,22,14596
2,9,27,22,14596
3,9,27,24,16189
1,9,28,92,62563
2,9,28,92,62563
3,9,28,104,69390
1,9,29,193,130727
2,9,29,193,130727
3,9,29,217,144992
1,9,30,118,79912
2,9,30,118,79912
3,9,30,132,88632
1,9,31,127,86276
2,9,31,127,86276
3,9,31,143,95690
1,9,32,55,37665
2,9,32,55,37665
3,9,32,62,41775
1,9,33,161,109385
2,9,33,161,109385
3,9,33,181,121321
1,9,34,228,154860
2,9,34,228,154860
3,9,34,257,171758
1,9,35,267,181010
2,9,35,267,181010
3,9,35,300,200761
1,9,36,225,152871
2,9,36,225,152871
3,9,36,253,169552
1,9,37,284,193072
2,9,37,284,193072
3,9,37,320,214140
1,9,38,279,189150
2,9,38,279,189150
3,9,38,314,209790
1,9,39,227,153825
2,9,39,227,153825
3,9,39,255,170610
1,10,1,116,78762
2,10,1,116,78762
3,10,1,131,87356
1,10,2,64,43181
2,10,2,64,43181
3,10,2,72,47892
1,10,3,101,68275
2,10,3,101,68275
3,10,3,113,75725
1,10,4,18,12316
2,10,4,18,12316
3,10,4,20,13660
1,10,5,94,63861
2,10,5,94,63861
3,10,5,106,70830
1,10,6,99,67483
2,10,6,99,67483
3,10,6,112,74847
1,10,7,96,65041
2,10,7,96,65041
3,10,7,108,72139
1,10,8,119,80789
2,10,8,119,80789
3,10,8,134,89604
1,10,9,164,111308
2,10,9,164,111308
3,10,9,184,123453
1,10,10,0,0
2,10,10,0,0
3,10,10,0,0
1,10,11,9,5800
2,10,11,9,5800
3,10,11,10,6433
1,10,12,71,48057
2,10,12,71,48057
3,10,12,80,53301
1,10,13,71,48142
2,10,13,71,48142
3,10,13,80,53395
1,10,14,93,63227
2,10,14,93,63227
3,10,14,105,70127
1,10,15,111,75203
2,10,15,111,75203
3,10,15,125,83409
1,10,16,97,65996
2,10,16,97,65996
3,10,16,109,73198
1,10,17,144,97709
2,10,17,144,97709
3,10,17,162,108371
1,10,18,167,113212
2,10,18,167,113212
3,10,18,188,125565
1,10,19,129,87318
2,10,19,129,87318
3,10,19,145,96846
1,10,20,23,15306
2,10,20,23,15306
3,10,20,25,16976
1,10,21,21,14380
2,10,21,21,14380
3,10,21,24,15949
1,10,22,132,89811
2,10,22,132,89811
3,10,22,149,99611
1,10,23,131,88624
2,10,23,131,88624
3,10,23,147,98295
1,10,24,132,89811
2,10,24,132,89811
3,10,24,149,99611
1,10,25,19,12679
2,10,25,19,12679
3,10,25,21,14063
1,10,26,96,64865
2,10,26,96,64865
3,10,26,108,71943
1,10,27,149,100941
2,10,27,149,100941
3,10,27,167,111955
1,10,28,76,51336
2,10,28,76,51336
3,10,28,85,56938
1,10,29,52,35339
2,10,29,52,35339
3,10,29,59,39195
1,10,30,61,41164
2,10,30,61,41164
3,10,30,68,45656
1,10,31,39,26560
2,10,31,39,26560
3,10,31,44,29458
1,10,32,111,75528
2,10,32,111,75528
3,10,32,125,83769
1,10,33,5,3484
2,10,33,5,3484
3,10,33,6,3864
1,10,34,65,43842
2,10,34,65,43842
3,10,34,73,48626
1,10,35,103,70002
2,10,35,103,70002
3,10,35,116,77640
1,10,36,62,41853
2,10,36,62,41853
3,10,36,69,46420
1,10,37,121,82054
2,10,37,121,82054
3,10,37,136,91008
1,10,38,115,78132
2,10,38,115,78132
3,10,38,130,86657
1,10,39,63,42807
2,10,39,63,42807
3,10,39,71,47478
1,11,1,110,74439
2,11,1,110,74439
3,11,1,123,82562
1,11,2,57,38858
2,11,2,57,38858
3,11,2,64,43098
1,11,3,94,63953
2,11,3,94,63953
3,11,3,106,70931
1,11,4,26,17826
2,11,4,26,17826
3,11,4,30,19771
1,11,5,88,59539
2,11,5,88,59539
3,11,5,99,66035
1,11,6,93,63161
2,11,6,93,63161
3,11,6,105,70053
1,11,7,89,60719
2,11,7,89,60719
3,11,7,101,67344
1,11,8,113,76466
2,11,8,113,76466
3,11,8,127,84810
1,11,9,158,106985
2,11,9,158,106985
3,11,9,177,118659
1,11,10,9,5800
2,11,10,9,5800
3,11,10,10,6433
1,11,11,0,0
2,11,11,0,0
3,11,11,0,0
1,11,12,64,43734
2,11,12,64,43734
3,11,12,72,48506
1,11,13,65,43820
2,11,13,65,43820
3,11,13,73,48601
1,11,14,87,58905
2,11,14,87,58905
3,11,14,98,65333
1,11,15,104,70881
2,11,15,104,70881
3,11,15,117,78615
1,11,16,91,61674
2,11,16,91,61674
3,11,16,102,68404
1,11,17,138,93387
2,11,17,138,93387
3,11,17,155,103577
1,11,18,160,108889
2,11,18,160,108889
3,11,18,180,120771
1,11,19,122,82995
2,11,19,122,82995
3,11,19,138,92051
1,11,20,16,10984
2,11,20,16,10984
3,11,20,18,12182
1,11,21,15,10057
2,11,21,15,10057
3,11,21,17,11155
1,11,22,126,85489
2,11,22,126,85489
3,11,22,142,94817
1,11,23,124,84302
2,11,23,124,84302
3,11,23,140,93501
1,11,24,126,85489
2,11,24,126,85489
3,11,24,142,94817
1,11,25,12,8357
2,11,25,12,8357
3,11,25,14,9268
1,11,26,89,60542
2,11,26,89,60542
3,11,26,100,67148
1,11,27,142,96619
2,11,27,142,96619
3,11,27,160,107161
1,11,28,69,47013
2,11,28,69,47013
3,11,28,78,52144
1,11,29,51,34944
2,11,29,51,34944
3,11,29,58,38757
1,11,30,54,36842
2,11,30,54,36842
3,11,30,61,40862
1,11,31,33,22237
2,11,31,33,22237
3,11,31,37,24664
1,11,32,105,71206
2,11,32,105,71206
3,11,32,118,78975
1,11,33,4,2696
2,11,33,4,2696
3,11,33,4,2990
1,11,34,73,49352
2,11,34,73,49352
3,11,34,82,54738
1,11,35,111,75502
2,11,35,111,75502
3,11,35,125,83741
1,11,36,70,47364
2,11,36,70,47364
3,11,36,79,52532
1,11,37,129,87565
2,11,37,129,87565
3,11,37,145,97120
1,11,38,123,83643
2,11,38,123,83643
3,11,38,139,92769
1,11,39,71,48318
2,11,39,71,48318
3,11,39,80,53590
1,12,1,63,42752
2,12,1,63,42752
3,12,1,71,47417
1,12,2,14,9328
2,12,2,14,9328
3,12,2,15,10346
1,12,3,48,32266
2,12,3,48,32266
3,12,3,53,35787
1,12,4,89,60083
2,12,4,89,60083
3,12,4,100,66639
1,12,5,43,29194
2,12,5,43,29194
3,12,5,48,32380
1,12,6,46,31474
2,12,6,46,31474
3,12,6,52,34908
1,12,7,43,29032
2,12,7,43,29032
3,12,7,48,32200
1,12,8,66,44779
2,12,8,66,44779
3,12,8,74,49666
1,12,9,111,75298
2,12,9,111,75298
3,12,9,125,83515
1,12,10,71,48057
2,12,10,71,48057
3,12,10,80,53301
1,12,11,64,43734
2,12,11,64,43734
3,12,11,72,48506
1,12,12,0,0
2,12,12,0,0
3,12,12,0,0
1,12,13,7,4583
2,12,13,7,4583
3,12,13,8,5083
1,12,14,40,27218
2,12,14,40,27218
3,12,14,45,30188
1,12,15,58,39194
2,12,15,58,39194
3,12,15,65,43470
1,12,16,44,29987
2,12,16,44,29987
3,12,16,50,33259
1,12,17,91,61700
2,12,17,91,61700
3,12,17,102,68433
1,12,18,114,77618
2,12,18,114,77618
3,12,18,129,86088
1,12,19,76,51309
2,12,19,76,51309
3,12,19,85,56907
1,12,20,50,33929
2,12,20,50,33929
3,12,20,56,37631
1,12,21,52,35196
2,12,21,52,35196
3,12,21,58,39036
1,12,22,79,53802
2,12,22,79,53802
3,12,22,89,59672
1,12,23,78,52615
2,12,23,78,52615
3,12,23,87,58356
1,12,24,79,53802
2,12,24,79,53802
3,12,24,89,59672
1,12,25,53,35794
2,12,25,53,35794
3,12,25,59,39699
1,12,26,43,28855
2,12,26,43,28855
3,12,26,48,32004
1,12,27,96,64932
2,12,27,96,64932
3,12,27,108,72017
1,12,28,23,15875
2,12,28,23,15875
3,12,28,26,17608
1,12,29,99,67476
2,12,29,99,67476
3,12,29,112,74839
1,12,30,15,9884
2,12,30,15,9884
3,12,30,16,10963
1,12,31,34,23025
2,12,31,34,23025
3,12,31,38,25538
1,12,32,58,39519
2,12,32,58,39519
3,12,32,66,43831
1,12,33,68,46134
2,12,33,68,46134
3,12,33,76,51168
1,12,34,135,91609
2,12,34,135,91609
3,12,34,152,101605
1,12,35,173,117759
2,12,35,173,117759
3,12,35,195,130609
1,12,36,132,89620
2,12,36,132,89620
3,12,36,149,99400
1,12,37,191,129821
2,12,37,191,129821
3,12,37,215,143987
1,12,38,185,125899
2,12,38,185,125899
3,12,38,209,139637
1,12,39,133,90574
2,12,39,133,90574
3,12,39,150,100458
1,13,1,58,39524
2,13,1,58,39524
3,13,1,66,43837
1,13,2,18,12169
2,13,2,18,12169
3,13,2,20,13497
1,13,3,43,29038
2,13,3,43,29038
3,13,3,48,32207
1,13,4,89,60168
2,13,4,89,60168
3,13,4,100,66734
1,13,5,38,25966
2,13,5,38,25966
3,13,5,43,28800
1,13,6,42,28246
2,13,6,42,28246
3,13,6,47,31328
1,13,7,38,25804
2,13,7,38,25804
3,13,7,43,28620
1,13,8,61,41552
2,13,8,61,41552
3,13,8,69,46086
1,13,9,106,72071
2,13,9,106,72071
3,13,9,119,79935
1,13,10,71,48142
2,13,10,71,48142
3,13,10,80,53395
1,13,11,65,43820
2,13,11,65,43820
3,13,11,73,48601
1,13,12,7,4583
2,13,12,7,4583
3,13,12,8,5083
1,13,13,0,0
2,13,13,0,0
3,13,13,0,0
1,13,14,35,23990
2,13,14,35,23990
3,13,14,40,26608
1,13,15,53,35966
2,13,15,53,35966
3,13,15,60,39890
1,13,16,39,26759
2,13,16,39,26759
3,13,16,44,29679
1,13,17,86,58472
2,13,17,86,58472
3,13,17,97,64852
1,13,18,110,74390
2,13,18,110,74390
3,13,18,123,82508
1,13,19,71,48081
2,13,19,71,48081
3,13,19,80,53327
1,13,20,50,34014
2,13,20,50,34014
3,13,20,56,37726
1,13,21,52,35281
2,13,21,52,35281
3,13,21,58,39131
1,13,22,75,50574
2,13,22,75,50574
3,13,22,84,56092
1,13,23,73,49387
2,13,23,73,49387
3,13,23,82,54776
1,13,24,75,50574
2,13,24,75,50574
3,13,24,84,56092
1,13,25,53,35879
2,13,25,53,35879
3,13,25,59,39794
1,13,26,38,25628
2,13,26,38,25628
3,13,26,42,28424
1,13,27,91,61704
2,13,27,91,61704
3,13,27,102,68437
1,13,28,19,12648
2,13,28,19,12648
3,13,28,21,14028
1,13,29,100,67562
2,13,29,100,67562
3,13,29,112,74934
1,13,30,18,12220
2,13,30,18,12220
3,13,30,20,13553
1,13,31,34,23110
2,13,31,34,23110
3,13,31,38,25632
1,13,32,53,36291
2,13,32,53,36291
3,13,32,60,40251
1,13,33,68,46219
2,13,33,68,46219
3,13,33,77,51263
1,13,34,135,91694
2,13,34,135,91694
3,13,34,152,101700
1,13,35,174,117844
2,13,35,174,117844
3,13,35,195,130703
1,13,36,132,89706
2,13,36,132,89706
3,13,36,149,99494
1,13,37,191,129907
2,13,37,191,129907
3,13,37,215,144082
1,13,38,186,125984
2,13,38,186,125984
3,13,38,209,139731
1,13,39,134,90660
2,13,39,134,90660
3,13,39,150,100552
1,14,1,24,16035
2,14,1,24,16035
3,14,1,27,17784
1,14,2,48,32497
2,14,2,48,32497
3,14,2,54,36043
1,14,3,8,5238
2,14,3,8,5238
3,14,3,9,5810
1,14,4,111,75254
2,14,4,111,75254
3,14,4,125,83465
1,14,5,44,29532
2,14,5,44,29532
3,14,5,49,32754
1,14,6,6,4283
2,14,6,6,4283
3,14,6,7,4751
1,14,7,3,1841
2,14,7,3,1841
3,14,7,3,2042
1,14,8,27,18062
2,14,8,27,18062
3,14,8,30,20033
1,14,9,72,48581
2,14,9,72,48581
3,14,9,81,53882
1,14,10,93,63227
2,14,10,93,63227
3,14,10,105,70127
1,14,11,87,58905
2,14,11,87,58905
3,14,11,98,65333
1,14,12,40,27218
2,14,12,40,27218
3,14,12,45,30188
1,14,13,35,23990
2,14,13,35,23990
3,14,13,40,26608
1,14,14,0,0
2,14,14,0,0
3,14,14,0,0
1,14,15,20,13622
2,14,15,20,13622
3,14,15,23,15108
1,14,16,4,2796
2,14,16,4,2796
3,14,16,5,3101
1,14,17,52,34982
2,14,17,52,34982
3,14,17,58,38800
1,14,18,76,51789
2,14,18,76,51789
3,14,18,86,57440
1,14,19,37,25311
2,14,19,37,25311
3,14,19,42,28073
1,14,20,72,49099
2,14,20,72,49099
3,14,20,81,54457
1,14,21,74,50366
2,14,21,74,50366
3,14,21,83,55862
1,14,22,40,27084
2,14,22,40,27084
3,14,22,45,30039
1,14,23,38,25897
2,14,23,38,25897
3,14,23,43,28723
1,14,24,40,27084
2,14,24,40,27084
3,14,24,45,30039
1,14,25,75,50964
2,14,25,75,50964
3,14,25,84,56525
1,14,26,6,4173
2,14,26,6,4173
3,14,26,7,4629
1,14,27,56,38214
2,14,27,56,38214
3,14,27,63,42384
1,14,28,21,14549
2,14,28,21,14549
3,14,28,24,16136
1,14,29,122,82647
2,14,29,122,82647
3,14,29,137,91665
1,14,30,47,31832
2,14,30,47,31832
3,14,30,53,35305
1,14,31,56,38196
2,14,31,56,38196
3,14,31,63,42364
1,14,32,19,12801
2,14,32,19,12801
3,14,32,21,14198
1,14,33,90,61305
2,14,33,90,61305
3,14,33,102,67994
1,14,34,157,106780
2,14,34,157,106780
3,14,34,177,118431
1,14,35,196,132930
2,14,35,196,132930
3,14,35,220,147435
1,14,36,154,104791
2,14,36,154,104791
3,14,36,174,116226
1,14,37,214,144992
2,14,37,214,144992
3,14,37,240,160813
1,14,38,208,141070
2,14,38,208,141070
3,14,38,234,156463
1,14,39,156,105745
2,14,39,156,105745
3,14,39,175,117284
1,15,1,28,18784
2,15,1,28,18784
3,15,1,31,20834
1,15,2,66,44472
2,15,2,66,44472
3,15,2,74,49325
1,15,3,20,13653
2,15,3,20,13653
3,15,3,23,15143
1,15,4,129,87229
2,15,4,129,87229
3,15,4,145,96747
1,15,5,55,37139
2,15,5,55,37139
3,15,5,62,41191
1,15,6,22,15222
2,15,6,22,15222
3,15,6,25,16883
1,15,7,20,13352
2,15,7,20,13352
3,15,7,22,14809
1,15,8,30,20665
2,15,8,30,20665
3,15,8,34,22920
1,15,9,75,51184
2,15,9,75,51184
3,15,9,85,56769
1,15,10,111,75203
2,15,10,111,75203
3,15,10,125,83409
1,15,11,104,70881
2,15,11,104,70881
3,15,11,117,78615
1,15,12,58,39194
2,15,12,58,39194
3,15,12,65,43470
1,15,13,53,35966
2,15,13,53,35966
3,15,13,60,39890
1,15,14,20,13622
2,15,14,20,13622
3,15,14,23,15108
1,15,15,0,0
2,15,15,0,0
3,15,15,0,0
1,15,16,20,13735
2,15,16,20,13735
3,15,16,23,15234
1,15,17,55,37586
2,15,17,55,37586
3,15,17,62,41687
1,15,18,63,42781
2,15,18,63,42781
3,15,18,71,47449
1,15,19,26,17936
2,15,19,26,17936
3,15,19,30,19893
1,15,20,90,61075
2,15,20,90,61075
3,15,20,101,67739
1,15,21,92,62342
2,15,21,92,62342
3,15,21,103,69145
1,15,22,44,29687
2,15,22,44,29687
3,15,22,49,32927
1,15,23,42,28501
2,15,23,42,28501
3,15,23,47,31610
1,15,24,44,29687
2,15,24,44,29687
3,15,24,49,32927
1,15,25,93,62940
2,15,25,93,62940
3,15,25,104,69808
1,15,26,20,13790
2,15,26,20,13790
3,15,26,23,15294
1,15,27,60,40817
2,15,27,60,40817
3,15,27,68,45271
1,15,28,39,26459
2,15,28,39,26459
3,15,28,44,29346
1,15,29,139,94623
2,15,29,139,94623
3,15,29,157,104948
1,15,30,65,43807
2,15,30,65,43807
3,15,30,73,48587
1,15,31,74,50172
2,15,31,74,50172
3,15,31,83,55646
1,15,32,24,16006
2,15,32,24,16006
3,15,32,27,17752
1,15,33,108,73280
2,15,33,108,73280
3,15,33,121,81276
1,15,34,175,118755
2,15,34,175,118755
3,15,34,197,131714
1,15,35,213,144905
2,15,35,213,144905
3,15,35,240,160717
1,15,36,172,116767
2,15,36,172,116767
3,15,36,194,129508
1,15,37,231,156968
2,15,37,231,156968
3,15,37,260,174095
1,15,38,225,153045
2,15,38,225,153045
3,15,38,254,169745
1,15,39,173,117721
2,15,39,173,117721
3,15,39,195,130566
1,16,1,21,14424
2,16,1,21,14424
3,16,1,24,15998
1,16,2,52,35265
2,16,2,52,35265
3,16,2,58,39113
1,16,3,5,3482
2,16,3,5,3482
3,16,3,6,3862
1,16,4,115,78023
2,16,4,115,78023
3,16,4,129,86536
1,16,5,48,32278
2,16,5,48,32278
3,16,5,54,35800
1,16,6,2,1487
2,16,6,2,1487
3,16,6,2,1649
1,16,7,1,955
2,16,7,1,955
3,16,7,2,1059
1,16,8,24,16451
2,16,8,24,16451
3,16,8,27,18247
1,16,9,69,46970
2,16,9,69,46970
3,16,9,78,52096
1,16,10,97,65996
2,16,10,97,65996
3,16,10,109,73198
1,16,11,91,61674
2,16,11,91,61674
3,16,11,102,68404
1,16,12,44,29987
2,16,12,44,29987
3,16,12,50,33259
1,16,13,39,26759
2,16,13,39,26759
3,16,13,44,29679
1,16,14,4,2796
2,16,14,4,2796
3,16,14,5,3101
1,16,15,20,13735
2,16,15,20,13735
3,16,15,23,15234
1,16,16,0,0
2,16,16,0,0
3,16,16,0,0
1,16,17,49,33372
2,16,17,49,33372
3,16,17,55,37013
1,16,18,75,50833
2,16,18,75,50833
3,16,18,84,56380
1,16,19,36,24202
2,16,19,36,24202
3,16,19,40,26843
1,16,20,76,51868
2,16,20,76,51868
3,16,20,86,57528
1,16,21,78,53135
2,16,21,78,53135
3,16,21,88,58933
1,16,22,38,25474
2,16,22,38,25474
3,16,22,42,28253
1,16,23,36,24287
2,16,23,36,24287
3,16,23,40,26937
1,16,24,38,25474
2,16,24,38,25474
3,16,24,42,28253
1,16,25,79,53733
2,16,25,79,53733
3,16,25,89,59596
1,16,26,9,6296
2,16,26,9,6296
3,16,26,10,6983
1,16,27,54,36603
2,16,27,54,36603
3,16,27,61,40598
1,16,28,25,17295
2,16,28,25,17295
3,16,28,29,19183
1,16,29,126,85416
2,16,29,126,85416
3,16,29,142,94736
1,16,30,51,34600
2,16,30,51,34600
3,16,30,57,38376
1,16,31,60,40965
2,16,31,60,40965
3,16,31,68,45435
1,16,32,16,11191
2,16,32,16,11191
3,16,32,19,12412
1,16,33,94,64074
2,16,33,94,64074
3,16,33,106,71065
1,16,34,161,109549
2,16,34,161,109549
3,16,34,182,121502
1,16,35,200,135699
2,16,35,200,135699
3,16,35,225,150505
1,16,36,158,107560
2,16,36,158,107560
3,16,36,178,119296
1,16,37,218,147761
2,16,37,218,147761
3,16,37,245,163884
1,16,38,212,143839
2,16,38,212,143839
3,16,38,238,159534
1,16,39,160,108514
2,16,39,160,108514
3,16,39,180,120355
1,17,1,32,22026
2,17,1,32,22026
3,17,1,37,24430
1,17,2,99,66978
2,17,2,99,66978
3,17,2,111,74287
1,17,3,47,31878
2,17,3,47,31878
3,17,3,53,35356
1,17,4,162,109736
2,17,4,162,109736
3,17,4,182,121710
1,17,5,94,63948
2,17,5,94,63948
3,17,5,106,70925
1,17,6,51,34859
2,17,6,51,34859
3,17,6,58,38663
1,17,7,49,33393
2,17,7,49,33393
3,17,7,55,37036
1,17,8,31,20854
2,17,8,31,20854
3,17,8,35,23129
1,17,9,29,19628
2,17,9,29,19628
3,17,9,33,21770
1,17,10,144,97709
2,17,10,144,97709
3,17,10,162,108371
1,17,11,138,93387
2,17,11,138,93387
3,17,11,155,103577
1,17,12,91,61700
2,17,12,91,61700
3,17,12,102,68433
1,17,13,86,58472
2,17,13,86,58472
3,17,13,97,64852
1,17,14,52,34982
2,17,14,52,34982
3,17,14,58,38800
1,17,15,55,37586
2,17,15,55,37586
3,17,15,62,41687
1,17,16,49,33372
2,17,16,49,33372
3,17,16,55,37013
1,17,17,0,0
2,17,17,0,0
3,17,17,0,0
1,17,18,86,58371
2,17,18,86,58371
3,17,18,97,64740
1,17,19,46,31409
2,17,19,46,31409
3,17,19,52,34836
1,17,20,123,83581
2,17,20,123,83581
3,17,20,139,92702
1,17,21,125,84848
2,17,21,125,84848
3,17,21,141,94107
1,17,22,20,13561
2,17,22,20,13561
3,17,22,22,15041
1,17,23,18,12375
2,17,23,18,12375
3,17,23,21,13725
1,17,24,20,13561
2,17,24,20,13561
3,17,24,22,15041
1,17,25,126,85446
2,17,25,126,85446
3,17,25,142,94770
1,17,26,55,37024
2,17,26,55,37024
3,17,26,61,41064
1,17,27,9,5792
2,17,27,9,5792
3,17,27,10,6424
1,17,28,72,48965
2,17,28,72,48965
3,17,28,81,54308
1,17,29,173,117129
2,17,29,173,117129
3,17,29,194,129910
1,17,30,98,66313
2,17,30,98,66313
3,17,30,110,73549
1,17,31,107,72678
2,17,31,107,72678
3,17,31,120,80608
1,17,32,35,24066
2,17,32,35,24066
3,17,32,40,26693
1,17,33,141,95787
2,17,33,141,95787
3,17,33,159,106239
1,17,34,208,141262
2,17,34,208,141262
3,17,34,234,156676
1,17,35,247,167412
2,17,35,247,167412
3,17,35,277,185679
1,17,36,205,139273
2,17,36,205,139273
3,17,36,231,154470
1,17,37,264,179474
2,17,37,264,179474
3,17,37,297,199057
1,17,38,259,175552
2,17,38,259,175552
3,17,38,291,194707
1,17,39,207,140227
2,17,39,207,140227
3,17,39,232,155528
1,18,1,67,45672
2,18,1,67,45672
3,18,1,76,50656
1,18,2,122,82897
2,18,2,122,82897
3,18,2,137,91942
1,18,3,73,49630
2,18,3,73,49630
3,18,3,82,55045
1,18,4,185,125238
2,18,4,185,125238
3,18,4,208,138903
1,18,5,81,54760
2,18,5,81,54760
3,18,5,91,60736
1,18,6,77,52320
2,18,6,77,52320
3,18,6,87,58029
1,18,7,75,50770
2,18,7,75,50770
3,18,7,84,56310
1,18,8,69,46703
2,18,8,69,46703
3,18,8,77,51799
1,18,9,106,71742
2,18,9,106,71742
3,18,9,119,79570
1,18,10,167,113212
2,18,10,167,113212
3,18,10,188,125565
1,18,11,160,108889
2,18,11,160,108889
3,18,11,180,120771
1,18,12,114,77618
2,18,12,114,77618
3,18,12,129,86088
1,18,13,110,74390
2,18,13,110,74390
3,18,13,123,82508
1,18,14,76,51789
2,18,14,76,51789
3,18,14,86,57440
1,18,15,63,42781
2,18,15,63,42781
3,18,15,71,47449
1,18,16,75,50833
2,18,16,75,50833
3,18,16,84,56380
1,18,17,86,58371
2,18,17,86,58371
3,18,17,97,64740
1,18,18,0,0
2,18,18,0,0
3,18,18,0,0
1,18,19,41,28043
2,18,19,41,28043
3,18,19,46,31103
1,18,20,146,99084
2,18,20,146,99084
3,18,20,164,109895
1,18,21,148,100351
2,18,21,148,100351
3,18,21,166,111300
1,18,22,74,50222
2,18,22,74,50222
3,18,22,83,55702
1,18,23,72,49035
2,18,23,72,49035
3,18,23,81,54386
1,18,24,74,50222
2,18,24,74,50222
3,18,24,83,55702
1,18,25,149,100948
2,18,25,149,100948
3,18,25,167,111963
1,18,26,77,52215
2,18,26,77,52215
3,18,26,87,57912
1,18,27,91,61539
2,18,27,91,61539
3,18,27,102,68254
1,18,28,96,64883
2,18,28,96,64883
3,18,28,108,71963
1,18,29,194,131467
2,18,29,194,131467
3,18,29,218,145813
1,18,30,121,82232
2,18,30,121,82232
3,18,30,136,91204
1,18,31,130,88180
2,18,31,130,88180
3,18,31,146,97802
1,18,32,67,45410
2,18,32,67,45410
3,18,32,75,50365
1,18,33,164,111289
2,18,33,164,111289
3,18,33,184,123432
1,18,34,231,156764
2,18,34,231,156764
3,18,34,260,173869
1,18,35,269,182914
2,18,35,269,182914
3,18,35,303,202873
1,18,36,228,154775
2,18,36,228,154775
3,18,36,257,171664
1,18,37,287,194976
2,18,37,287,194976
3,18,37,323,216251
1,18,38,281,191054
2,18,38,281,191054
3,18,38,317,211901
1,18,39,229,155729
2,18,39,229,155729
3,18,39,258,172722
1,19,1,28,18710
2,19,1,28,18710
3,19,1,31,20752
1,19,2,83,56587
2,19,2,83,56587
3,19,2,94,62762
1,19,3,34,22923
2,19,3,34,22923
3,19,3,38,25424
1,19,4,146,99344
2,19,4,146,99344
3,19,4,165,110184
1,19,5,54,36614
2,19,5,54,36614
3,19,5,61,40610
1,19,6,38,25689
2,19,6,38,25689
3,19,6,43,28492
1,19,7,36,24164
2,19,7,36,24164
3,19,7,40,26801
1,19,8,29,19741
2,19,8,29,19741
3,19,8,33,21895
1,19,9,66,44779
2,19,9,66,44779
3,19,9,74,49666
1,19,10,129,87318
2,19,10,129,87318
3,19,10,145,96846
1,19,11,122,82995
2,19,11,122,82995
3,19,11,138,92051
1,19,12,76,51309
2,19,12,76,51309
3,19,12,85,56907
1,19,13,71,48081
2,19,13,71,48081
3,19,13,80,53327
1,19,14,37,25311
2,19,14,37,25311
3,19,14,42,28073
1,19,15,26,17936
2,19,15,26,17936
3,19,15,30,19893
1,19,16,36,24202
2,19,16,36,24202
3,19,16,40,26843
1,19,17,46,31409
2,19,17,46,31409
3,19,17,52,34836
1,19,18,41,28043
2,19,18,41,28043
3,19,18,46,31103
1,19,19,0,0
2,19,19,0,0
3,19,19,0,0
1,19,20,108,73190
2,19,20,108,73190
3,19,20,121,81176
1,19,21,110,74457
2,19,21,110,74457
3,19,21,123,82581
1,19,22,34,23260
2,19,22,34,23260
3,19,22,39,25798
1,19,23,33,22073
2,19,23,33,22073
3,19,23,37,24482
1,19,24,34,23260
2,19,24,34,23260
3,19,24,39,25798
1,19,25,111,75055
2,19,25,111,75055
3,19,25,124,83244
1,19,26,38,25942
2,19,26,38,25942
3,19,26,43,28773
1,19,27,51,34577
2,19,27,51,34577
3,19,27,57,38350
1,19,28,57,38573
2,19,28,57,38573
3,19,28,64,42782
1,19,29,157,106737
2,19,29,157,106737
3,19,29,177,118384
1,19,30,82,55922
2,19,30,82,55922
3,19,30,93,62024
1,19,31,92,62286
2,19,31,92,62286
3,19,31,103,69083
1,19,32,27,18452
2,19,32,27,18452
3,19,32,31,20466
1,19,33,126,85395
2,19,33,126,85395
3,19,33,142,94713
1,19,34,193,130870
2,19,34,193,130870
3,19,34,217,145150
1,19,35,231,157020
2,19,35,231,157020
3,19,35,260,174154
1,19,36,190,128881
2,19,36,190,128881
3,19,36,214,142945
1,19,37,249,169082
2,19,37,249,169082
3,19,37,280,187532
1,19,38,243,165160
2,19,38,243,165160
3,19,38,274,183182
1,19,39,191,129835
2,19,39,191,129835
3,19,39,215,144003
1,20,1,95,64634
2,20,1,95,64634
3,20,1,107,71686
1,20,2,43,29053
2,20,2,43,29053
3,20,2,48,32223
1,20,3,80,54147
2,20,3,80,54147
3,20,3,90,60056
1,20,4,40,27333
2,20,4,40,27333
3,20,4,45,30315
1,20,5,73,49733
2,20,5,73,49733
3,20,5,82,55160
1,20,6,79,53355
2,20,6,79,53355
3,20,6,88,59177
1,20,7,75,50913
2,20,7,75,50913
3,20,7,84,56469
1,20,8,98,66661
2,20,8,98,66661
3,20,8,110,73935
1,20,9,143,97180
2,20,9,143,97180
3,20,9,161,107784
1,20,10,23,15306
2,20,10,23,15306
3,20,10,25,16976
1,20,11,16,10984
2,20,11,16,10984
3,20,11,18,12182
1,20,12,50,33929
2,20,12,50,33929
3,20,12,56,37631
1,20,13,50,34014
2,20,13,50,34014
3,20,13,56,37726
1,20,14,72,49099
2,20,14,72,49099
3,20,14,81,54457
1,20,15,90,61075
2,20,15,90,61075
3,20,15,101,67739
1,20,16,76,51868
2,20,16,76,51868
3,20,16,86,57528
1,20,17,123,83581
2,20,17,123,83581
3,20,17,139,92702
1,20,18,146,99084
2,20,18,146,99084
3,20,18,164,109895
1,20,19,108,73190
2,20,19,108,73190
3,20,19,121,81176
1,20,20,0,0
2,20,20,0,0
3,20,20,0,0
1,20,21,4,2385
2,20,21,4,2385
3,20,21,4,2646
1,20,22,112,75683
2,20,22,112,75683
3,20,22,125,83941
1,20,23,110,74496
2,20,23,110,74496
3,20,23,123,82625
1,20,24,112,75683
2,20,24,112,75683
3,20,24,125,83941
1,20,25,4,2983
2,20,25,4,2983
3,20,25,5,3309
1,20,26,75,50737
2,20,26,75,50737
3,20,26,84,56273
1,20,27,128,86813
2,20,27,128,86813
3,20,27,144,96286
1,20,28,55,37208
2,20,28,55,37208
3,20,28,62,41268
1,20,29,53,35807
2,20,29,53,35807
3,20,29,59,39714
1,20,30,40,27036
2,20,30,40,27036
3,20,30,45,29986
1,20,31,18,12432
2,20,31,18,12432
3,20,31,21,13788
1,20,32,90,61400
2,20,32,90,61400
3,20,32,102,68100
1,20,33,20,13384
2,20,33,20,13384
3,20,33,22,14844
1,20,34,87,58859
2,20,34,87,58859
3,20,34,98,65281
1,20,35,125,85009
2,20,35,125,85009
3,20,35,141,94284
1,20,36,84,56870
2,20,36,84,56870
3,20,36,94,63075
1,20,37,143,97071
2,20,37,143,97071
3,20,37,161,107663
1,20,38,137,93149
2,20,38,137,93149
3,20,38,154,103313
1,20,39,85,57824
2,20,39,85,57824
3,20,39,96,64133
1,21,1,97,65901
2,21,1,97,65901
3,21,1,109,73091
1,21,2,45,30320
2,21,2,45,30320
3,21,2,50,33628
1,21,3,82,55414
2,21,3,82,55414
3,21,3,92,61461
1,21,4,39,26406
2,21,4,39,26406
3,21,4,44,29287
1,21,5,75,51000
2,21,5,75,51000
3,21,5,85,56565
1,21,6,80,54622
2,21,6,80,54622
3,21,6,91,60582
1,21,7,77,52180
2,21,7,77,52180
3,21,7,86,57874
1,21,8,100,67928
2,21,8,100,67928
3,21,8,113,75340
1,21,9,145,98447
2,21,9,145,98447
3,21,9,163,109189
1,21,10,21,14380
2,21,10,21,14380
3,21,10,24,15949
1,21,11,15,10057
2,21,11,15,10057
3,21,11,17,11155
1,21,12,52,35196
2,21,12,52,35196
3,21,12,58,39036
1,21,13,52,35281
2,21,13,52,35281
3,21,13,58,39131
1,21,14,74,50366
2,21,14,74,50366
3,21,14,83,55862
1,21,15,92,62342
2,21,15,92,62342
3,21,15,103,69145
1,21,16,78,53135
2,21,16,78,53135
3,21,16,88,58933
1,21,17,125,84848
2,21,17,125,84848
3,21,17,141,94107
1,21,18,148,100351
2,21,18,148,100351
3,21,18,166,111300
1,21,19,110,74457
2,21,19,110,74457
3,21,19,123,82581
1,21,20,4,2385
2,21,20,4,2385
3,21,20,4,2646
1,21,21,0,0
2,21,21,0,0
3,21,21,0,0
1,21,22,113,76950
2,21,22,113,76950
3,21,22,128,85347
1,21,23,112,75763
2,21,23,112,75763
3,21,23,126,84030
1,21,24,113,76950
2,21,24,113,76950
3,21,24,128,85347
1,21,25,3,1736
2,21,25,3,1736
3,21,25,3,1925
1,21,26,77,52004
2,21,26,77,52004
3,21,26,86,57678
1,21,27,130,88080
2,21,27,130,88080
3,21,27,146,97691
1,21,28,57,38475
2,21,28,57,38475
3,21,28,64,42673
1,21,29,52,35526
2,21,29,52,35526
3,21,29,59,39402
1,21,30,42,28303
2,21,30,42,28303
3,21,30,47,31391
1,21,31,20,13699
2,21,31,20,13699
3,21,31,23,15194
1,21,32,92,62667
2,21,32,92,62667
3,21,32,104,69505
1,21,33,18,12457
2,21,33,18,12457
3,21,33,21,13816
1,21,34,85,57932
2,21,34,85,57932
3,21,34,96,64253
1,21,35,124,84082
2,21,35,124,84082
3,21,35,139,93257
1,21,36,82,55943
2,21,36,82,55943
3,21,36,93,62048
1,21,37,142,96144
2,21,37,142,96144
3,21,37,159,106635
1,21,38,136,92222
2,21,38,136,92222
3,21,38,153,102285
1,21,39,84,56897
2,21,39,84,56897
3,21,39,94,63106
1,22,1,21,14128
2,22,1,21,14128
3,22,1,23,15670
1,22,2,87,59080
2,22,2,87,59080
3,22,2,98,65527
1,22,3,35,23980
2,22,3,35,23980
3,22,3,40,26596
1,22,4,150,101837
2,22,4,150,101837
3,22,4,169,112949
1,22,5,83,56049
2,22,5,83,56049
3,22,5,93,62165
1,22,6,40,26961
2,22,6,40,26961
3,22,6,45,29902
1,22,7,38,25494
2,22,7,38,25494
3,22,7,42,28276
1,22,8,19,12955
2,22,8,19,12955
3,22,8,21,14369
1,22,9,39,26506
2,22,9,39,26506
3,22,9,44,29398
1,22,10,132,89811
2,22,10,132,89811
3,22,10,149,99611
1,22,11,126,85489
2,22,11,126,85489
3,22,11,142,94817
1,22,12,79,53802
2,22,12,79,53802
3,22,12,89,59672
1,22,13,75,50574
2,22,13,75,50574
3,22,13,84,56092
1,22,14,40,27084
2,22,14,40,27084
3,22,14,45,30039
1,22,15,44,29687
2,22,15,44,29687
3,22,15,49,32927
1,22,16,38,25474
2,22,16,38,25474
3,22,16,42,28253
1,22,17,20,13561
2,22,17,20,13561
3,22,17,22,15041
1,22,18,74,50222
2,22,18,74,50222
3,22,18,83,55702
1,22,19,34,23260
2,22,19,34,23260
3,22,19,39,25798
1,22,20,112,75683
2,22,20,112,75683
3,22,20,125,83941
1,22,21,113,76950
2,22,21,113,76950
3,22,21,128,85347
1,22,22,0,0
2,22,22,0,0
3,22,22,0,0
1,22,23,2,1403
2,22,23,2,1403
3,22,23,2,1556
1,22,24,0,0
2,22,24,0,0
3,22,24,0,0
1,22,25,114,77548
2,22,25,114,77548
3,22,25,129,86010
1,22,26,43,29125
2,22,26,43,29125
3,22,26,48,32303
1,22,27,24,16404
2,22,27,24,16404
3,22,27,27,18194
1,22,28,61,41066
2,22,28,61,41066
3,22,28,68,45548
1,22,29,161,109231
2,22,29,161,109231
3,22,29,181,121149
1,22,30,86,58415
2,22,30,86,58415
3,22,30,97,64789
1,22,31,95,64779
2,22,31,95,64779
3,22,31,107,71848
1,22,32,24,16168
2,22,32,24,16168
3,22,32,27,17932
1,22,33,129,87888
2,22,33,129,87888
3,22,33,146,97478
1,22,34,196,133363
2,22,34,196,133363
3,22,34,221,147915
1,22,35,235,159513
2,22,35,235,159513
3,22,35,264,176919
1,22,36,194,131375
2,22,36,194,131375
3,22,36,218,145710
1,22,37,253,171576
2,22,37,253,171576
3,22,37,284,190297
1,22,38,247,167654
2,22,38,247,167654
3,22,38,278,185947
1,22,39,195,132329
2,22,39,195,132329
3,22,39,219,146768
1,23,1,19,12941
2,23,1,19,12941
3,23,1,21,14353
1,23,2,85,57893
2,23,2,85,57893
3,23,2,96,64210
1,23,3,34,22793
2,23,3,34,22793
3,23,3,38,25280
1,23,4,148,100651
2,23,4,148,100651
3,23,4,167,111633
1,23,5,81,54863
2,23,5,81,54863
3,23,5,91,60849
1,23,6,38,25774
2,23,6,38,25774
3,23,6,43,28586
1,23,7,36,24308
2,23,7,36,24308
3,23,7,40,26960
1,23,8,17,11769
2,23,8,17,11769
3,23,8,20,13053
1,23,9,37,25319
2,23,9,37,25319
3,23,9,42,28082
1,23,10,131,88624
2,23,10,131,88624
3,23,10,147,98295
1,23,11,124,84302
2,23,11,124,84302
3,23,11,140,93501
1,23,12,78,52615
2,23,12,78,52615
3,23,12,87,58356
1,23,13,73,49387
2,23,13,73,49387
3,23,13,82,54776
1,23,14,38,25897
2,23,14,38,25897
3,23,14,43,28723
1,23,15,42,28501
2,23,15,42,28501
3,23,15,47,31610
1,23,16,36,24287
2,23,16,36,24287
3,23,16,40,26937
1,23,17,18,12375
2,23,17,18,12375
3,23,17,21,13725
1,23,18,72,49035
2,23,18,72,49035
3,23,18,81,54386
1,23,19,33,22073
2,23,19,33,22073
3,23,19,37,24482
1,23,20,110,74496
2,23,20,110,74496
3,23,20,123,82625
1,23,21,112,75763
2,23,21,112,75763
3,23,21,126,84030
1,23,22,2,1403
2,23,22,2,1403
3,23,22,2,1556
1,23,23,0,0
2,23,23,0,0
3,23,23,0,0
1,23,24,2,1403
2,23,24,2,1403
3,23,24,2,1556
1,23,25,113,76361
2,23,25,113,76361
3,23,25,127,84693
1,23,26,41,27938
2,23,26,41,27938
3,23,26,46,30987
1,23,27,22,15217
2,23,27,22,15217
3,23,27,25,16877
1,23,28,59,39880
2,23,28,59,39880
3,23,28,66,44231
1,23,29,159,108044
2,23,29,159,108044
3,23,29,179,119833
1,23,30,84,57228
2,23,30,84,57228
3,23,30,95,63473
1,23,31,94,63593
2,23,31,94,63593
3,23,31,105,70532
1,23,32,22,14981
2,23,32,22,14981
3,23,32,25,16616
1,23,33,128,86702
2,23,33,128,86702
3,23,33,144,96162
1,23,34,195,132177
2,23,34,195,132177
3,23,34,219,146599
1,23,35,233,158327
2,23,35,233,158327
3,23,35,262,175603
1,23,36,192,130188
2,23,36,192,130188
3,23,36,216,144394
1,23,37,251,170389
2,23,37,251,170389
3,23,37,282,188981
1,23,38,245,166467
2,23,38,245,166467
3,23,38,276,184631
1,23,39,193,131142
2,23,39,193,131142
3,23,39,217,145452
1,24,1,21,14128
2,24,1,21,14128
3,24,1,23,15670
1,24,2,87,59080
2,24,2,87,59080
3,24,2,98,65527
1,24,3,35,23980
2,24,3,35,23980
3,24,3,40,26596
1,24,4,150,101837
2,24,4,150,101837
3,24,4,169,112949
1,24,5,83,56049
2,24,5,83,56049
3,24,5,93,62165
1,24,6,40,26961
2,24,6,40,26961
3,24,6,45,29902
1,24,7,38,25494
2,24,7,38,25494
3,24,7,42,28276
1,24,8,19,12955
2,24,8,19,12955
3,24,8,21,14369
1,24,9,39,26506
2,24,9,39,26506
3,24,9,44,29398
1,24,10,132,89811
2,24,10,132,89811
3,24,10,149,99611
1,24,11,126,85489
2,24,11,126,85489
3,24,11,142,94817
1,24,12,79,53802
2,24,12,79,53802
3,24,12,89,59672
1,24,13,75,50574
2,24,13,75,50574
3,24,13,84,56092
1,24,14,40,27084
2,24,14,40,27084
3,24,14,45,30039
1,24,15,44,29687
2,24,15,44,29687
3,24,15,49,32927
1,24,16,38,25474
2,24,16,38,25474
3,24,16,42,28253
1,24,17,20,13561
2,24,17,20,13561
3,24,17,22,15041
1,24,18,74,50222
2,24,18,74,50222
3,24,18,83,55702
1,24,19,34,23260
2,24,19,34,23260
3,24,19,39,25798
1,24,20,112,75683
2,24,20,112,75683
3,24,20,125,83941
1,24,21,113,76950
2,24,21,113,76950
3,24,21,128,85347
1,24,22,0,0
2,24,22,0,0
3,24,22,0,0
1,24,23,2,1403
2,24,23,2,1403
3,24,23,2,1556
1,24,24,0,0
2,24,24,0,0
3,24,24,0,0
1,24,25,114,77548
2,24,25,114,77548
3,24,25,129,86010
1,24,26,43,29125
2,24,26,43,29125
3,24,26,48,32303
1,24,27,24,16404
2,24,27,24,16404
3,24,27,27,18194
1,24,28,61,41066
2,24,28,61,41066
3,24,28,68,45548
1,24,29,161,109231
2,24,29,161,109231
3,24,29,181,121149
1,24,30,86,58415
2,24,30,86,58415
3,24,30,97,64789
1,24,31,95,64779
2,24,31,95,64779
3,24,31,107,71848
1,24,32,24,16168
2,24,32,24,16168
3,24,32,27,17932
1,24,33,129,87888
2,24,33,129,87888
3,24,33,146,97478
1,24,34,196,133363
2,24,34,196,133363
3,24,34,221,147915
1,24,35,235,159513
2,24,35,235,159513
3,24,35,264,176919
1,24,36,194,131375
2,24,36,194,131375
3,24,36,218,145710
1,24,37,253,171576
2,24,37,253,171576
3,24,37,284,190297
1,24,38,247,167654
2,24,38,247,167654
3,24,38,278,185947
1,24,39,195,132329
2,24,39,195,132329
3,24,39,219,146768
1,25,1,98,66498
2,25,1,98,66498
3,25,1,110,73754
1,25,2,46,30917
2,25,2,46,30917
3,25,2,51,34291
1,25,3,83,56012
2,25,3,83,56012
3,25,3,93,62124
1,25,4,36,24705
2,25,4,36,24705
3,25,4,41,27401
1,25,5,76,51598
2,25,5,76,51598
3,25,5,86,57228
1,25,6,81,55220
2,25,6,81,55220
3,25,6,92,61245
1,25,7,78,52778
2,25,7,78,52778
3,25,7,87,58537
1,25,8,101,68526
2,25,8,101,68526
3,25,8,114,76003
1,25,9,146,99045
2,25,9,146,99045
3,25,9,164,109852
1,25,10,19,12679
2,25,10,19,12679
3,25,10,21,14063
1,25,11,12,8357
2,25,11,12,8357
3,25,11,14,9268
1,25,12,53,35794
2,25,12,53,35794
3,25,12,59,39699
1,25,13,53,35879
2,25,13,53,35879
3,25,13,59,39794
1,25,14,75,50964
2,25,14,75,50964
3,25,14,84,56525
1,25,15,93,62940
2,25,15,93,62940
3,25,15,104,69808
1,25,16,79,53733
2,25,16,79,53733
3,25,16,89,59596
1,25,17,126,85446
2,25,17,126,85446
3,25,17,142,94770
1,25,18,149,100948
2,25,18,149,100948
3,25,18,167,111963
1,25,19,111,75055
2,25,19,111,75055
3,25,19,124,83244
1,25,20,4,2983
2,25,20,4,2983
3,25,20,5,3309
1,25,21,3,1736
2,25,21,3,1736
3,25,21,3,1925
1,25,22,114,77548
2,25,22,114,77548
3,25,22,129,86010
1,25,23,113,76361
2,25,23,113,76361
3,25,23,127,84693
1,25,24,114,77548
2,25,24,114,77548
3,25,24,129,86010
1,25,25,0,0
2,25,25,0,0
3,25,25,0,0
1,25,26,77,52602
2,25,26,77,52602
3,25,26,87,58341
1,25,27,131,88678
2,25,27,131,88678
3,25,27,147,98354
1,25,28,58,39073
2,25,28,58,39073
3,25,28,65,43336
1,25,29,50,34044
2,25,29,50,34044
3,25,29,56,37759
1,25,30,43,28901
2,25,30,43,28901
3,25,30,48,32054
1,25,31,21,14297
2,25,31,21,14297
3,25,31,24,15857
1,25,32,93,63265
2,25,32,93,63265
3,25,32,105,70168
1,25,33,16,10756
2,25,33,16,10756
3,25,33,18,11930
1,25,34,83,56231
2,25,34,83,56231
3,25,34,93,62367
1,25,35,121,82381
2,25,35,121,82381
3,25,35,137,91370
1,25,36,80,54243
2,25,36,80,54243
3,25,36,90,60161
1,25,37,139,94444
2,25,37,139,94444
3,25,37,157,104749
1,25,38,133,90521
2,25,38,133,90521
3,25,38,150,100399
1,25,39,81,55197
2,25,39,81,55197
3,25,39,91,61219
1,26,1,27,18076
2,26,1,27,18076
3,26,1,30,20048
1,26,2,50,34134
2,26,2,50,34134
3,26,2,57,37858
1,26,3,12,8073
2,26,3,12,8073
3,26,3,13,8953
1,26,4,113,76891
2,26,4,113,76891
3,26,4,127,85281
1,26,5,46,31103
2,26,5,46,31103
3,26,5,52,34497
1,26,6,11,7783
2,26,6,11,7783
3,26,6,13,8633
1,26,7,8,5417
2,26,7,8,5417
3,26,7,9,6009
1,26,8,30,20103
2,26,8,30,20103
3,26,8,33,22297
1,26,9,75,50622
2,26,9,75,50622
3,26,9,84,56146
1,26,10,96,64865
2,26,10,96,64865
3,26,10,108,71943
1,26,11,89,60542
2,26,11,89,60542
3,26,11,100,67148
1,26,12,43,28855
2,26,12,43,28855
3,26,12,48,32004
1,26,13,38,25628
2,26,13,38,25628
3,26,13,42,28424
1,26,14,6,4173
2,26,14,6,4173
3,26,14,7,4629
1,26,15,20,13790
2,26,15,20,13790
3,26,15,23,15294
1,26,16,9,6296
2,26,16,9,6296
3,26,16,10,6983
1,26,17,55,37024
2,26,17,55,37024
3,26,17,61,41064
1,26,18,77,52215
2,26,18,77,52215
3,26,18,87,57912
1,26,19,38,25942
2,26,19,38,25942
3,26,19,43,28773
1,26,20,75,50737
2,26,20,75,50737
3,26,20,84,56273
1,26,21,77,52004
2,26,21,77,52004
3,26,21,86,57678
1,26,22,43,29125
2,26,22,43,29125
3,26,22,48,32303
1,26,23,41,27938
2,26,23,41,27938
3,26,23,46,30987
1,26,24,43,29125
2,26,24,43,29125
3,26,24,48,32303
1,26,25,77,52602
2,26,25,77,52602
3,26,25,87,58341
1,26,26,0,0
2,26,26,0,0
3,26,26,0,0
1,26,27,59,40255
2,26,27,59,40255
3,26,27,67,44648
1,26,28,24,16120
2,26,28,24,16120
3,26,28,27,17879
1,26,29,124,84284
2,26,29,124,84284
3,26,29,140,93481
1,26,30,49,33469
2,26,30,49,33469
3,26,30,55,37121
1,26,31,59,39833
2,26,31,59,39833
3,26,31,66,44180
1,26,32,22,14842
2,26,32,22,14842
3,26,32,25,16462
1,26,33,93,62942
2,26,33,93,62942
3,26,33,104,69810
1,26,34,160,108417
2,26,34,160,108417
3,26,34,180,120247
1,26,35,198,134567
2,26,35,198,134567
3,26,35,223,149251
1,26,36,157,106428
2,26,36,157,106428
3,26,36,176,118042
1,26,37,216,146629
2,26,37,216,146629
3,26,37,243,162629
1,26,38,210,142707
2,26,38,210,142707
3,26,38,237,158279
1,26,39,158,107382
2,26,39,158,107382
3,26,39,178,119100
1,27,1,37,25258
2,27,1,37,25258
3,27,1,42,28014
1,27,2,103,70210
2,27,2,103,70210
3,27,2,116,77871
1,27,3,52,35109
2,27,3,52,35109
3,27,3,58,38940
1,27,4,166,112967
2,27,4,166,112967
3,27,4,187,125294
1,27,5,99,67179
2,27,5,99,67179
3,27,5,111,74510
1,27,6,56,38091
2,27,6,56,38091
3,27,6,63,42247
1,27,7,54,36624
2,27,7,54,36624
3,27,7,61,40620
1,27,8,35,24085
2,27,8,35,24085
3,27,8,40,26714
1,27,9,22,14596
2,27,9,22,14596
3,27,9,24,16189
1,27,10,149,100941
2,27,10,149,100941
3,27,10,167,111955
1,27,11,142,96619
2,27,11,142,96619
3,27,11,160,107161
1,27,12,96,64932
2,27,12,96,64932
3,27,12,108,72017
1,27,13,91,61704
2,27,13,91,61704
3,27,13,102,68437
1,27,14,56,38214
2,27,14,56,38214
3,27,14,63,42384
1,27,15,60,40817
2,27,15,60,40817
3,27,15,68,45271
1,27,16,54,36603
2,27,16,54,36603
3,27,16,61,40598
1,27,17,9,5792
2,27,17,9,5792
3,27,17,10,6424
1,27,18,91,61539
2,27,18,91,61539
3,27,18,102,68254
1,27,19,51,34577
2,27,19,51,34577
3,27,19,57,38350
1,27,20,128,86813
2,27,20,128,86813
3,27,20,144,96286
1,27,21,130,88080
2,27,21,130,88080
3,27,21,146,97691
1,27,22,24,16404
2,27,22,24,16404
3,27,22,27,18194
1,27,23,22,15217
2,27,23,22,15217
3,27,23,25,16877
1,27,24,24,16404
2,27,24,24,16404
3,27,24,27,18194
1,27,25,131,88678
2,27,25,131,88678
3,27,25,147,98354
1,27,26,59,40255
2,27,26,59,40255
3,27,26,67,44648
1,27,27,0,0
2,27,27,0,0
3,27,27,0,0
1,27,28,77,52196
2,27,28,77,52196
3,27,28,87,57892
1,27,29,177,120360
2,27,29,177,120360
3,27,29,199,133494
1,27,30,102,69545
2,27,30,102,69545
3,27,30,115,77134
1,27,31,112,75909
2,27,31,112,75909
3,27,31,126,84192
1,27,32,40,27298
2,27,32,40,27298
3,27,32,45,30277
1,27,33,146,99018
2,27,33,146,99018
3,27,33,164,109823
1,27,34,213,144493
2,27,34,213,144493
3,27,34,239,160260
1,27,35,251,170643
2,27,35,251,170643
3,27,35,283,189263
1,27,36,210,142505
2,27,36,210,142505
3,27,36,236,158054
1,27,37,269,182706
2,27,37,269,182706
3,27,37,303,202642
1,27,38,263,178783
2,27,38,263,178783
3,27,38,296,198291
1,27,39,211,143459
2,27,39,211,143459
3,27,39,238,159112
1,28,1,44,30017
2,28,1,44,30017
3,28,1,50,33292
1,28,2,31,21154
2,28,2,31,21154
3,28,2,35,23462
1,28,3,29,19531
2,28,3,29,19531
3,28,3,32,21662
1,28,4,93,63362
2,28,4,93,63362
3,28,4,105,70276
1,28,5,23,15308
2,28,5,23,15308
3,28,5,25,16978
1,28,6,28,18783
2,28,6,28,18783
3,28,6,31,20832
1,28,7,24,16343
2,28,7,24,16343
3,28,7,27,18126
1,28,8,47,32044
2,28,8,47,32044
3,28,8,53,35541
1,28,9,92,62563
2,28,9,92,62563
3,28,9,104,69390
1,28,10,76,51336
2,28,10,76,51336
3,28,10,85,56938
1,28,11,69,47013
2,28,11,69,47013
3,28,11,78,52144
1,28,12,23,15875
2,28,12,23,15875
3,28,12,26,17608
1,28,13,19,12648
2,28,13,19,12648
3,28,13,21,14028
1,28,14,21,14549
2,28,14,21,14549
3,28,14,24,16136
1,28,15,39,26459
2,28,15,39,26459
3,28,15,44,29346
1,28,16,25,17295
2,28,16,25,17295
3,28,16,29,19183
1,28,17,72,48965
2,28,17,72,48965
3,28,17,81,54308
1,28,18,96,64883
2,28,18,96,64883
3,28,18,108,71963
1,28,19,57,38573
2,28,19,57,38573
3,28,19,64,42782
1,28,20,55,37208
2,28,20,55,37208
3,28,20,62,41268
1,28,21,57,38475
2,28,21,57,38475
3,28,21,64,42673
1,28,22,61,41066
2,28,22,61,41066
3,28,22,68,45548
1,28,23,59,39880
2,28,23,59,39880
3,28,23,66,44231
1,28,24,61,41066
2,28,24,61,41066
3,28,24,68,45548
1,28,25,58,39073
2,28,25,58,39073
3,28,25,65,43336
1,28,26,24,16120
2,28,26,24,16120
3,28,26,27,17879
1,28,27,77,52196
2,28,27,77,52196
3,28,27,87,57892
1,28,28,0,0
2,28,28,0,0
3,28,28,0,0
1,28,29,104,70756
2,28,29,104,70756
3,28,29,117,78476
1,28,30,30,20489
2,28,30,30,20489
3,28,30,34,22725
1,28,31,39,26304
2,28,31,39,26304
3,28,31,44,29175
1,28,32,39,26783
2,28,32,39,26783
3,28,32,44,29706
1,28,33,73,49413
2,28,33,73,49413
3,28,33,82,54805
1,28,34,140,94888
2,28,34,140,94888
3,28,34,157,105242
1,28,35,178,121038
2,28,35,178,121038
3,28,35,201,134245
1,28,36,137,92900
2,28,36,137,92900
3,28,36,154,103036
1,28,37,196,133100
2,28,37,196,133100
3,28,37,221,147624
1,28,38,190,129178
2,28,38,190,129178
3,28,38,214,143274
1,28,39,138,93854
2,28,39,138,93854
3,28,39,156,104095
1,29,1,145,98181
2,29,1,145,98181
3,29,1,163,108894
1,29,2,92,62600
2,29,2,92,62600
3,29,2,104,69431
1,29,3,129,87695
2,29,3,129,87695
3,29,3,145,97264
1,29,4,70,47332
2,29,4,70,47332
3,29,4,78,52496
1,29,5,123,83210
2,29,5,123,83210
3,29,5,138,92290
1,29,6,128,86903
2,29,6,128,86903
3,29,6,144,96385
1,29,7,124,84461
2,29,7,124,84461
3,29,7,140,93677
1,29,8,148,100208
2,29,8,148,100208
3,29,8,166,111143
1,29,9,193,130727
2,29,9,193,130727
3,29,9,217,144992
1,29,10,52,35339
2,29,10,52,35339
3,29,10,59,39195
1,29,11,51,34944
2,29,11,51,34944
3,29,11,58,38757
1,29,12,99,67476
2,29,12,99,67476
3,29,12,112,74839
1,29,13,100,67562
2,29,13,100,67562
3,29,13,112,74934
1,29,14,122,82647
2,29,14,122,82647
3,29,14,137,91665
1,29,15,139,94623
2,29,15,139,94623
3,29,15,157,104948
1,29,16,126,85416
2,29,16,126,85416
3,29,16,142,94736
1,29,17,173,117129
2,29,17,173,117129
3,29,17,194,129910
1,29,18,194,131467
2,29,18,194,131467
3,29,18,218,145813
1,29,19,157,106737
2,29,19,157,106737
3,29,19,177,118384
1,29,20,53,35807
2,29,20,53,35807
3,29,20,59,39714
1,29,21,52,35526
2,29,21,52,35526
3,29,21,59,39402
1,29,22,161,109231
2,29,22,161,109231
3,29,22,181,121149
1,29,23,159,108044
2,29,23,159,108044
3,29,23,179,119833
1,29,24,161,109231
2,29,24,161,109231
3,29,24,181,121149
1,29,25,50,34044
2,29,25,50,34044
3,29,25,56,37759
1,29,26,124,84284
2,29,26,124,84284
3,29,26,140,93481
1,29,27,177,120360
2,29,27,177,120360
3,29,27,199,133494
1,29,28,104,70756
2,29,28,104,70756
3,29,28,117,78476
1,29,29,0,0
2,29,29,0,0
3,29,29,0,0
1,29,30,89,60584
2,29,30,89,60584
3,29,30,100,67194
1,29,31,68,46303
2,29,31,68,46303
3,29,31,77,51356
1,29,32,140,94948
2,29,32,140,94948
3,29,32,157,105308
1,29,33,51,34553
2,29,33,51,34553
3,29,33,57,38323
1,29,34,116,78858
2,29,34,116,78858
3,29,34,131,87462
1,29,35,155,104989
2,29,35,155,104989
3,29,35,174,116445
1,29,36,113,76869
2,29,36,113,76869
3,29,36,127,85257
1,29,37,172,117068
2,29,37,172,117068
3,29,37,194,129842
1,29,38,167,113146
2,29,38,167,113146
3,29,38,188,125492
1,29,39,115,77823
2,29,39,115,77823
3,29,39,129,86315
1,30,1,70,47366
2,30,1,70,47366
3,30,1,79,52534
1,30,2,3,2090
2,30,2,3,2090
3,30,2,3,2318
1,30,3,54,36880
2,30,3,54,36880
3,30,3,61,40904
1,30,4,78,53190
2,30,4,78,53190
3,30,4,88,58994
1,30,5,50,33799
2,30,5,50,33799
3,30,5,56,37487
1,30,6,53,36087
2,30,6,53,36087
3,30,6,60,40025
1,30,7,50,33646
2,30,7,50,33646
3,30,7,56,37317
1,30,8,73,49393
2,30,8,73,49393
3,30,8,82,54782
1,30,9,118,79912
2,30,9,118,79912
3,30,9,132,88632
1,30,10,61,41164
2,30,10,61,41164
3,30,10,68,45656
1,30,11,54,36842
2,30,11,54,36842
3,30,11,61,40862
1,30,12,15,9884
2,30,12,15,9884
3,30,12,16,10963
1,30,13,18,12220
2,30,13,18,12220
3,30,13,20,13553
1,30,14,47,31832
2,30,14,47,31832
3,30,14,53,35305
1,30,15,65,43807
2,30,15,65,43807
3,30,15,73,48587
1,30,16,51,34600
2,30,16,51,34600
3,30,16,57,38376
1,30,17,98,66313
2,30,17,98,66313
3,30,17,110,73549
1,30,18,121,82232
2,30,18,121,82232
3,30,18,136,91204
1,30,19,82,55922
2,30,19,82,55922
3,30,19,93,62024
1,30,20,40,27036
2,30,20,40,27036
3,30,20,45,29986
1,30,21,42,28303
2,30,21,42,28303
3,30,21,47,31391
1,30,22,86,58415
2,30,22,86,58415
3,30,22,97,64789
1,30,23,84,57228
2,30,23,84,57228
3,30,23,95,63473
1,30,24,86,58415
2,30,24,86,58415
3,30,24,97,64789
1,30,25,43,28901
2,30,25,43,28901
3,30,25,48,32054
1,30,26,49,33469
2,30,26,49,33469
3,30,26,55,37121
1,30,27,102,69545
2,30,27,102,69545
3,30,27,115,77134
1,30,28,30,20489
2,30,28,30,20489
3,30,28,34,22725
1,30,29,89,60584
2,30,29,89,60584
3,30,29,100,67194
1,30,30,0,0
2,30,30,0,0
3,30,30,0,0
1,30,31,24,16132
2,30,31,24,16132
3,30,31,27,17893
1,30,32,65,44132
2,30,32,65,44132
3,30,32,73,48948
1,30,33,58,39241
2,30,33,58,39241
3,30,33,65,43523
1,30,34,125,84716
2,30,34,125,84716
3,30,34,140,93960
1,30,35,163,110866
2,30,35,163,110866
3,30,35,184,122963
1,30,36,122,82728
2,30,36,122,82728
3,30,36,137,91754
1,30,37,181,122928
2,30,37,181,122928
3,30,37,204,136342
1,30,38,175,119006
2,30,38,175,119006
3,30,38,197,131992
1,30,39,123,83682
2,30,39,123,83682
3,30,39,139,92813
1,31,1,79,53730
2,31,1,79,53730
3,31,1,89,59593
1,31,2,27,18149
2,31,2,27,18149
3,31,2,30,20129
1,31,3,64,43244
2,31,3,64,43244
3,31,3,72,47962
1,31,4,57,38586
2,31,4,57,38586
3,31,4,64,42796
1,31,5,57,38830
2,31,5,57,38830
3,31,5,64,43067
1,31,6,63,42452
2,31,6,63,42452
3,31,6,70,47084
1,31,7,59,40010
2,31,7,59,40010
3,31,7,66,44376
1,31,8,82,55757
2,31,8,82,55757
3,31,8,92,61841
1,31,9,127,86276
2,31,9,127,86276
3,31,9,143,95690
1,31,10,39,26560
2,31,10,39,26560
3,31,10,44,29458
1,31,11,33,22237
2,31,11,33,22237
3,31,11,37,24664
1,31,12,34,23025
2,31,12,34,23025
3,31,12,38,25538
1,31,13,34,23110
2,31,13,34,23110
3,31,13,38,25632
1,31,14,56,38196
2,31,14,56,38196
3,31,14,63,42364
1,31,15,74,50172
2,31,15,74,50172
3,31,15,83,55646
1,31,16,60,40965
2,31,16,60,40965
3,31,16,68,45435
1,31,17,107,72678
2,31,17,107,72678
3,31,17,120,80608
1,31,18,130,88180
2,31,18,130,88180
3,31,18,146,97802
1,31,19,92,62286
2,31,19,92,62286
3,31,19,103,69083
1,31,20,18,12432
2,31,20,18,12432
3,31,20,21,13788
1,31,21,20,13699
2,31,21,20,13699
3,31,21,23,15194
1,31,22,95,64779
2,31,22,95,64779
3,31,22,107,71848
1,31,23,94,63593
2,31,23,94,63593
3,31,23,105,70532
1,31,24,95,64779
2,31,24,95,64779
3,31,24,107,71848
1,31,25,21,14297
2,31,25,21,14297
3,31,25,24,15857
1,31,26,59,39833
2,31,26,59,39833
3,31,26,66,44180
1,31,27,112,75909
2,31,27,112,75909
3,31,27,126,84192
1,31,28,39,26304
2,31,28,39,26304
3,31,28,44,29175
1,31,29,68,46303
2,31,29,68,46303
3,31,29,77,51356
1,31,30,24,16132
2,31,30,24,16132
3,31,30,27,17893
1,31,31,0,0
2,31,31,0,0
3,31,31,0,0
1,31,32,74,50496
2,31,32,74,50496
3,31,32,84,56006
1,31,33,36,24637
2,31,33,36,24637
3,31,33,41,27326
1,31,34,103,70112
2,31,34,103,70112
3,31,34,116,77763
1,31,35,142,96262
2,31,35,142,96262
3,31,35,160,106766
1,31,36,100,68123
2,31,36,100,68123
3,31,36,113,75557
1,31,37,160,108324
2,31,37,160,108324
3,31,37,180,120144
1,31,38,154,104402
2,31,38,154,104402
3,31,38,173,115794
1,31,39,102,69078
2,31,39,102,69078
3,31,39,114,76615
1,32,1,8,5119
2,32,1,8,5119
3,32,1,8,5677
1,32,2,66,44797
2,32,2,66,44797
3,32,2,74,49685
1,32,3,14,9697
2,32,3,14,9697
3,32,3,16,10755
1,32,4,129,87554
2,32,4,129,87554
3,32,4,145,97108
1,32,5,62,41766
2,32,5,62,41766
3,32,5,69,46324
1,32,6,19,12678
2,32,6,19,12678
3,32,6,21,14061
1,32,7,17,11211
2,32,7,17,11211
3,32,7,19,12435
1,32,8,11,7146
2,32,8,11,7146
3,32,8,12,7926
1,32,9,55,37665
2,32,9,55,37665
3,32,9,62,41775
1,32,10,111,75528
2,32,10,111,75528
3,32,10,125,83769
1,32,11,105,71206
2,32,11,105,71206
3,32,11,118,78975
1,32,12,58,39519
2,32,12,58,39519
3,32,12,66,43831
1,32,13,53,36291
2,32,13,53,36291
3,32,13,60,40251
1,32,14,19,12801
2,32,14,19,12801
3,32,14,21,14198
1,32,15,24,16006
2,32,15,24,16006
3,32,15,27,17752
1,32,16,16,11191
2,32,16,16,11191
3,32,16,19,12412
1,32,17,35,24066
2,32,17,35,24066
3,32,17,40,26693
1,32,18,67,45410
2,32,18,67,45410
3,32,18,75,50365
1,32,19,27,18452
2,32,19,27,18452
3,32,19,31,20466
1,32,20,90,61400
2,32,20,90,61400
3,32,20,102,68100
1,32,21,92,62667
2,32,21,92,62667
3,32,21,104,69505
1,32,22,24,16168
2,32,22,24,16168
3,32,22,27,17932
1,32,23,22,14981
2,32,23,22,14981
3,32,23,25,16616
1,32,24,24,16168
2,32,24,24,16168
3,32,24,27,17932
1,32,25,93,63265
2,32,25,93,63265
3,32,25,105,70168
1,32,26,22,14842
2,32,26,22,14842
3,32,26,25,16462
1,32,27,40,27298
2,32,27,40,27298
3,32,27,45,30277
1,32,28,39,26783
2,32,28,39,26783
3,32,28,44,29706
1,32,29,140,94948
2,32,29,140,94948
3,32,29,157,105308
1,32,30,65,44132
2,32,30,65,44132
3,32,30,73,48948
1,32,31,74,50496
2,32,31,74,50496
3,32,31,84,56006
1,32,32,0,0
2,32,32,0,0
3,32,32,0,0
1,32,33,108,73605
2,32,33,108,73605
3,32,33,122,81637
1,32,34,175,119080
2,32,34,175,119080
3,32,34,197,132074
1,32,35,214,145230
2,32,35,214,145230
3,32,35,241,161077
1,32,36,173,117092
2,32,36,173,117092
3,32,36,194,129868
1,32,37,232,157293
2,32,37,232,157293
3,32,37,261,174456
1,32,38,226,153370
2,32,38,226,153370
3,32,38,254,170106
1,32,39,174,118046
2,32,39,174,118046
3,32,39,196,130926
1,33,1,113,76839
2,33,1,113,76839
3,33,1,127,85223
1,33,2,61,41258
2,33,2,61,41258
3,33,2,68,45760
1,33,3,98,66353
2,33,3,98,66353
3,33,3,110,73593
1,33,4,23,15510
2,33,4,23,15510
3,33,4,26,17203
1,33,5,91,61939
2,33,5,91,61939
3,33,5,103,68697
1,33,6,97,65560
2,33,6,97,65560
3,33,6,109,72714
1,33,7,93,63119
2,33,7,93,63119
3,33,7,105,70006
1,33,8,116,78866
2,33,8,116,78866
3,33,8,131,87472
1,33,9,161,109385
2,33,9,161,109385
3,33,9,181,121321
1,33,10,5,3484
2,33,10,5,3484
3,33,10,6,3864
1,33,11,4,2696
2,33,11,4,2696
3,33,11,4,2990
1,33,12,68,46134
2,33,12,68,46134
3,33,12,76,51168
1,33,13,68,46219
2,33,13,68,46219
3,33,13,77,51263
1,33,14,90,61305
2,33,14,90,61305
3,33,14,102,67994
1,33,15,108,73280
2,33,15,108,73280
3,33,15,121,81276
1,33,16,94,64074
2,33,16,94,64074
3,33,16,106,71065
1,33,17,141,95787
2,33,17,141,95787
3,33,17,159,106239
1,33,18,164,111289
2,33,18,164,111289
3,33,18,184,123432
1,33,19,126,85395
2,33,19,126,85395
3,33,19,142,94713
1,33,20,20,13384
2,33,20,20,13384
3,33,20,22,14844
1,33,21,18,12457
2,33,21,18,12457
3,33,21,21,13816
1,33,22,129,87888
2,33,22,129,87888
3,33,22,146,97478
1,33,23,128,86702
2,33,23,128,86702
3,33,23,144,96162
1,33,24,129,87888
2,33,24,129,87888
3,33,24,146,97478
1,33,25,16,10756
2,33,25,16,10756
3,33,25,18,11930
1,33,26,93,62942
2,33,26,93,62942
3,33,26,104,69810
1,33,27,146,99018
2,33,27,146,99018
3,33,27,164,109823
1,33,28,73,49413
2,33,28,73,49413
3,33,28,82,54805
1,33,29,51,34553
2,33,29,51,34553
3,33,29,57,38323
1,33,30,58,39241
2,33,30,58,39241
3,33,30,65,43523
1,33,31,36,24637
2,33,31,36,24637
3,33,31,41,27326
1,33,32,108,73605
2,33,32,108,73605
3,33,32,122,81637
1,33,33,0,0
2,33,33,0,0
3,33,33,0,0
1,33,34,69,47036
2,33,34,69,47036
3,33,34,78,52169
1,33,35,108,73186
2,33,35,108,73186
3,33,35,121,81172
1,33,36,66,45048
2,33,36,66,45048
3,33,36,75,49963
1,33,37,126,85249
2,33,37,126,85249
3,33,37,141,94551
1,33,38,120,81327
2,33,38,120,81327
3,33,38,135,90201
1,33,39,68,46002
2,33,39,68,46002
3,33,39,76,51021
1,34,1,180,122314
2,34,1,180,122314
3,34,1,203,135660
1,34,2,128,86733
2,34,2,128,86733
3,34,2,144,96197
1,34,3,165,111828
2,34,3,165,111828
3,34,3,185,124030
1,34,4,47,32080
2,34,4,47,32080
3,34,4,53,35580
1,34,5,158,107414
2,34,5,158,107414
3,34,5,178,119134
1,34,6,164,111036
2,34,6,164,111036
3,34,6,184,123151
1,34,7,160,108594
2,34,7,160,108594
3,34,7,180,120443
1,34,8,183,124341
2,34,8,183,124341
3,34,8,206,137909
1,34,9,228,154860
2,34,9,228,154860
3,34,9,257,171758
1,34,10,65,43842
2,34,10,65,43842
3,34,10,73,48626
1,34,11,73,49352
2,34,11,73,49352
3,34,11,82,54738
1,34,12,135,91609
2,34,12,135,91609
3,34,12,152,101605
1,34,13,135,91694
2,34,13,135,91694
3,34,13,152,101700
1,34,14,157,106780
2,34,14,157,106780
3,34,14,177,118431
1,34,15,175,118755
2,34,15,175,118755
3,34,15,197,131714
1,34,16,161,109549
2,34,16,161,109549
3,34,16,182,121502
1,34,17,208,141262
2,34,17,208,141262
3,34,17,234,156676
1,34,18,231,156764
2,34,18,231,156764
3,34,18,260,173869
1,34,19,193,130870
2,34,19,193,130870
3,34,19,217,145150
1,34,20,87,58859
2,34,20,87,58859
3,34,20,98,65281
1,34,21,85,57932
2,34,21,85,57932
3,34,21,96,64253
1,34,22,196,133363
2,34,22,196,133363
3,34,22,221,147915
1,34,23,195,132177
2,34,23,195,132177
3,34,23,219,146599
1,34,24,196,133363
2,34,24,196,133363
3,34,24,221,147915
1,34,25,83,56231
2,34,25,83,56231
3,34,25,93,62367
1,34,26,160,108417
2,34,26,160,108417
3,34,26,180,120247
1,34,27,213,144493
2,34,27,213,144493
3,34,27,239,160260
1,34,28,140,94888
2,34,28,140,94888
3,34,28,157,105242
1,34,29,116,78858
2,34,29,116,78858
3,34,29,131,87462
1,34,30,125,84716
2,34,30,125,84716
3,34,30,140,93960
1,34,31,103,70112
2,34,31,103,70112
3,34,31,116,77763
1,34,32,175,119080
2,34,32,175,119080
3,34,32,197,132074
1,34,33,69,47036
2,34,33,69,47036
3,34,33,78,52169
1,34,34,0,0
2,34,34,0,0
3,34,34,0,0
1,34,35,60,40969
2,34,35,60,40969
3,34,35,68,45439
1,34,36,5,3074
2,34,36,5,3074
3,34,36,5,3409
1,34,37,78,52746
2,34,37,78,52746
3,34,37,87,58502
1,34,38,72,48824
2,34,38,72,48824
3,34,38,81,54151
1,34,39,3,2183
2,34,39,3,2183
3,34,39,4,2421
1,35,1,219,148464
2,35,1,219,148464
3,35,1,246,164664
1,35,2,166,112883
2,35,2,166,112883
3,35,2,187,125200
1,35,3,203,137978
2,35,3,203,137978
3,35,3,229,153033
1,35,4,87,58932
2,35,4,87,58932
3,35,4,98,65363
1,35,5,197,133563
2,35,5,197,133563
3,35,5,221,148138
1,35,6,202,137186
2,35,6,202,137186
3,35,6,227,152155
1,35,7,199,134744
2,35,7,199,134744
3,35,7,223,149446
1,35,8,222,150491
2,35,8,222,150491
3,35,8,249,166912
1,35,9,267,181010
2,35,9,267,181010
3,35,9,300,200761
1,35,10,103,70002
2,35,10,103,70002
3,35,10,116,77640
1,35,11,111,75502
2,35,11,111,75502
3,35,11,125,83741
1,35,12,173,117759
2,35,12,173,117759
3,35,12,195,130609
1,35,13,174,117844
2,35,13,174,117844
3,35,13,195,130703
1,35,14,196,132930
2,35,14,196,132930
3,35,14,220,147435
1,35,15,213,144905
2,35,15,213,144905
3,35,15,240,160717
1,35,16,200,135699
2,35,16,200,135699
3,35,16,225,150505
1,35,17,247,167412
2,35,17,247,167412
3,35,17,277,185679
1,35,18,269,182914
2,35,18,269,182914
3,35,18,303,202873
1,35,19,231,157020
2,35,19,231,157020
3,35,19,260,174154
1,35,20,125,85009
2,35,20,125,85009
3,35,20,141,94284
1,35,21,124,84082
2,35,21,124,84082
3,35,21,139,93257
1,35,22,235,159513
2,35,22,235,159513
3,35,22,264,176919
1,35,23,233,158327
2,35,23,233,158327
3,35,23,262,175603
1,35,24,235,159513
2,35,24,235,159513
3,35,24,264,176919
1,35,25,121,82381
2,35,25,121,82381
3,35,25,137,91370
1,35,26,198,134567
2,35,26,198,134567
3,35,26,223,149251
1,35,27,251,170643
2,35,27,251,170643
3,35,27,283,189263
1,35,28,178,121038
2,35,28,178,121038
3,35,28,201,134245
1,35,29,155,104989
2,35,29,155,104989
3,35,29,174,116445
1,35,30,163,110866
2,35,30,163,110866
3,35,30,184,122963
1,35,31,142,96262
2,35,31,142,96262
3,35,31,160,106766
1,35,32,214,145230
2,35,32,214,145230
3,35,32,241,161077
1,35,33,108,73186
2,35,33,108,73186
3,35,33,121,81172
1,35,34,60,40969
2,35,34,60,40969
3,35,34,68,45439
1,35,35,0,0
2,35,35,0,0
3,35,35,0,0
1,35,36,64,43231
2,35,36,64,43231
3,35,36,72,47948
1,35,37,48,32918
2,35,37,48,32918
3,35,37,55,36510
1,35,38,43,28996
2,35,38,43,28996
3,35,38,48,32160
1,35,39,63,42816
2,35,39,63,42816
3,35,39,71,47488
1,36,1,177,120325
2,36,1,177,120325
3,36,1,199,133455
1,36,2,125,84744
2,36,2,125,84744
3,36,2,140,93991
1,36,3,162,109839
2,36,3,162,109839
3,36,3,182,121824
1,36,4,44,30091
2,36,4,44,30091
3,36,4,50,33375
1,36,5,155,105425
2,36,5,155,105425
3,36,5,175,116929
1,36,6,161,109047
2,36,6,161,109047
3,36,6,181,120946
1,36,7,157,106605
2,36,7,157,106605
3,36,7,177,118237
1,36,8,180,122352
2,36,8,180,122352
3,36,8,203,135703
1,36,9,225,152871
2,36,9,225,152871
3,36,9,253,169552
1,36,10,62,41853
2,36,10,62,41853
3,36,10,69,46420
1,36,11,70,47364
2,36,11,70,47364
3,36,11,79,52532
1,36,12,132,89620
2,36,12,132,89620
3,36,12,149,99400
1,36,13,132,89706
2,36,13,132,89706
3,36,13,149,99494
1,36,14,154,104791
2,36,14,154,104791
3,36,14,174,116226
1,36,15,172,116767
2,36,15,172,116767
3,36,15,194,129508
1,36,16,158,107560
2,36,16,158,107560
3,36,16,178,119296
1,36,17,205,139273
2,36,17,205,139273
3,36,17,231,154470
1,36,18,228,154775
2,36,18,228,154775
3,36,18,257,171664
1,36,19,190,128881
2,36,19,190,128881
3,36,19,214,142945
1,36,20,84,56870
2,36,20,84,56870
3,36,20,94,63075
1,36,21,82,55943
2,36,21,82,55943
3,36,21,93,62048
1,36,22,194,131375
2,36,22,194,131375
3,36,22,218,145710
1,36,23,192,130188
2,36,23,192,130188
3,36,23,216,144394
1,36,24,194,131375
2,36,24,194,131375
3,36,24,218,145710
1,36,25,80,54243
2,36,25,80,54243
3,36,25,90,60161
1,36,26,157,106428
2,36,26,157,106428
3,36,26,176,118042
1,36,27,210,142505
2,36,27,210,142505
3,36,27,236,158054
1,36,28,137,92900
2,36,28,137,92900
3,36,28,154,103036
1,36,29,113,76869
2,36,29,113,76869
3,36,29,127,85257
1,36,30,122,82728
2,36,30,122,82728
3,36,30,137,91754
1,36,31,100,68123
2,36,31,100,68123
3,36,31,113,75557
1,36,32,173,117092
2,36,32,173,117092
3,36,32,194,129868
1,36,33,66,45048
2,36,33,66,45048
3,36,33,75,49963
1,36,34,5,3074
2,36,34,5,3074
3,36,34,5,3409
1,36,35,64,43231
2,36,35,64,43231
3,36,35,72,47948
1,36,36,0,0
2,36,36,0,0
3,36,36,0,0
1,36,37,81,55008
2,36,37,81,55008
3,36,37,91,61010
1,36,38,75,51086
2,36,38,75,51086
3,36,38,85,56660
1,36,39,2,1101
2,36,39,2,1101
3,36,39,2,1221
1,37,1,237,160526
2,37,1,237,160526
3,37,1,266,178042
1,37,2,184,124945
2,37,2,184,124945
3,37,2,207,138579
1,37,3,221,150040
2,37,3,221,150040
3,37,3,249,166412
1,37,4,104,70743
2,37,4,104,70743
3,37,4,117,78462
1,37,5,215,145626
2,37,5,215,145626
3,37,5,241,161516
1,37,6,220,149248
2,37,6,220,149248
3,37,6,247,165533
1,37,7,216,146806
2,37,7,216,146806
3,37,7,243,162825
1,37,8,239,162553
2,37,8,239,162553
3,37,8,269,180290
1,37,9,284,193072
2,37,9,284,193072
3,37,9,320,214140
1,37,10,121,82054
2,37,10,121,82054
3,37,10,136,91008
1,37,11,129,87565
2,37,11,129,87565
3,37,11,145,97120
1,37,12,191,129821
2,37,12,191,129821
3,37,12,215,143987
1,37,13,191,129907
2,37,13,191,129907
3,37,13,215,144082
1,37,14,214,144992
2,37,14,214,144992
3,37,14,240,160813
1,37,15,231,156968
2,37,15,231,156968
3,37,15,260,174095
1,37,16,218,147761
2,37,16,218,147761
3,37,16,245,163884
1,37,17,264,179474
2,37,17,264,179474
3,37,17,297,199057
1,37,18,287,194976
2,37,18,287,194976
3,37,18,323,216251
1,37,19,249,169082
2,37,19,249,169082
3,37,19,280,187532
1,37,20,143,97071
2,37,20,143,97071
3,37,20,161,107663
1,37,21,142,96144
2,37,21,142,96144
3,37,21,159,106635
1,37,22,253,171576
2,37,22,253,171576
3,37,22,284,190297
1,37,23,251,170389
2,37,23,251,170389
3,37,23,282,188981
1,37,24,253,171576
2,37,24,253,171576
3,37,24,284,190297
1,37,25,139,94444
2,37,25,139,94444
3,37,25,157,104749
1,37,26,216,146629
2,37,26,216,146629
3,37,26,243,162629
1,37,27,269,182706
2,37,27,269,182706
3,37,27,303,202642
1,37,28,196,133100
2,37,28,196,133100
3,37,28,221,147624
1,37,29,172,117068
2,37,29,172,117068
3,37,29,194,129842
1,37,30,181,122928
2,37,30,181,122928
3,37,30,204,136342
1,37,31,160,108324
2,37,31,160,108324
3,37,31,180,120144
1,37,32,232,157293
2,37,32,232,157293
3,37,32,261,174456
1,37,33,126,85249
2,37,33,126,85249
3,37,33,141,94551
1,37,34,78,52746
2,37,34,78,52746
3,37,34,87,58502
1,37,35,48,32918
2,37,35,48,32918
3,37,35,55,36510
1,37,36,81,55008
2,37,36,81,55008
3,37,36,91,61010
1,37,37,0,0
2,37,37,0,0
3,37,37,0,0
1,37,38,6,4024
2,37,38,6,4024
3,37,38,7,4463
1,37,39,80,54594
2,37,39,80,54594
3,37,39,90,60551
1,38,1,231,156604
2,38,1,231,156604
3,38,1,260,173692
1,38,2,178,121023
2,38,2,178,121023
3,38,2,201,134229
1,38,3,215,146118
2,38,3,215,146118
3,38,3,242,162062
1,38,4,98,66821
2,38,4,98,66821
3,38,4,111,74112
1,38,5,209,141704
2,38,5,209,141704
3,38,5,235,157166
1,38,6,214,145326
2,38,6,214,145326
3,38,6,241,161183
1,38,7,211,142884
2,38,7,211,142884
3,38,7,237,158475
1,38,8,234,158631
2,38,8,234,158631
3,38,8,263,175940
1,38,9,279,189150
2,38,9,279,189150
3,38,9,314,209790
1,38,10,115,78132
2,38,10,115,78132
3,38,10,130,86657
1,38,11,123,83643
2,38,11,123,83643
3,38,11,139,92769
1,38,12,185,125899
2,38,12,185,125899
3,38,12,209,139637
1,38,13,186,125984
2,38,13,186,125984
3,38,13,209,139731
1,38,14,208,141070
2,38,14,208,141070
3,38,14,234,156463
1,38,15,225,153045
2,38,15,225,153045
3,38,15,254,169745
1,38,16,212,143839
2,38,16,212,143839
3,38,16,238,159534
1,38,17,259,175552
2,38,17,259,175552
3,38,17,291,194707
1,38,18,281,191054
2,38,18,281,191054
3,38,18,317,211901
1,38,19,243,165160
2,38,19,243,165160
3,38,19,274,183182
1,38,20,137,93149
2,38,20,137,93149
3,38,20,154,103313
1,38,21,136,92222
2,38,21,136,92222
3,38,21,153,102285
1,38,22,247,167654
2,38,22,247,167654
3,38,22,278,185947
1,38,23,245,166467
2,38,23,245,166467
3,38,23,276,184631
1,38,24,247,167654
2,38,24,247,167654
3,38,24,278,185947
1,38,25,133,90521
2,38,25,133,90521
3,38,25,150,100399
1,38,26,210,142707
2,38,26,210,142707
3,38,26,237,158279
1,38,27,263,178783
2,38,27,263,178783
3,38,27,296,198291
1,38,28,190,129178
2,38,28,190,129178
3,38,28,214,143274
1,38,29,167,113146
2,38,29,167,113146
3,38,29,188,125492
1,38,30,175,119006
2,38,30,175,119006
3,38,30,197,131992
1,38,31,154,104402
2,38,31,154,104402
3,38,31,173,115794
1,38,32,226,153370
2,38,32,226,153370
3,38,32,254,170106
1,38,33,120,81327
2,38,33,120,81327
3,38,33,135,90201
1,38,34,72,48824
2,38,34,72,48824
3,38,34,81,54151
1,38,35,43,28996
2,38,35,43,28996
3,38,35,48,32160
1,38,36,75,51086
2,38,36,75,51086
3,38,36,85,56660
1,38,37,6,4024
2,38,37,6,4024
3,38,37,7,4463
1,38,38,0,0
2,38,38,0,0
3,38,38,0,0
1,38,39,75,50672
2,38,39,75,50672
3,38,39,84,56201
1,39,1,179,121279
2,39,1,179,121279
3,39,1,201,134513
1,39,2,126,85698
2,39,2,126,85698
3,39,2,142,95049
1,39,3,163,110793
2,39,3,163,110793
3,39,3,184,122882
1,39,4,46,31045
2,39,4,46,31045
3,39,4,51,34433
1,39,5,157,106379
2,39,5,157,106379
3,39,5,176,117987
1,39,6,162,110001
2,39,6,162,110001
3,39,6,182,122004
1,39,7,158,107559
2,39,7,158,107559
3,39,7,178,119296
1,39,8,182,123306
2,39,8,182,123306
3,39,8,204,136761
1,39,9,227,153825
2,39,9,227,153825
3,39,9,255,170610
1,39,10,63,42807
2,39,10,63,42807
3,39,10,71,47478
1,39,11,71,48318
2,39,11,71,48318
3,39,11,80,53590
1,39,12,133,90574
2,39,12,133,90574
3,39,12,150,100458
1,39,13,134,90660
2,39,13,134,90660
3,39,13,150,100552
1,39,14,156,105745
2,39,14,156,105745
3,39,14,175,117284
1,39,15,173,117721
2,39,15,173,117721
3,39,15,195,130566
1,39,16,160,108514
2,39,16,160,108514
3,39,16,180,120355
1,39,17,207,140227
2,39,17,207,140227
3,39,17,232,155528
1,39,18,229,155729
2,39,18,229,155729
3,39,18,258,172722
1,39,19,191,129835
2,39,19,191,129835
3,39,19,215,144003
1,39,20,85,57824
2,39,20,85,57824
3,39,20,96,64133
1,39,21,84,56897
2,39,21,84,56897
3,39,21,94,63106
1,39,22,195,132329
2,39,22,195,132329
3,39,22,219,146768
1,39,23,193,131142
2,39,23,193,131142
3,39,23,217,145452
1,39,24,195,132329
2,39,24,195,132329
3,39,24,219,146768
1,39,25,81,55197
2,39,25,81,55197
3,39,25,91,61219
1,39,26,158,107382
2,39,26,158,107382
3,39,26,178,119100
1,39,27,211,143459
2,39,27,211,143459
3,39,27,238,159112
1,39,28,138,93854
2,39,28,138,93854
3,39,28,156,104095
1,39,29,115,77823
2,39,29,115,77823
3,39,29,129,86315
1,39,30,123,83682
2,39,30,123,83682
3,39,30,139,92813
1,39,31,102,69078
2,39,31,102,69078
3,39,31,114,76615
1,39,32,174,118046
2,39,32,174,118046
3,39,32,196,130926
1,39,33,68,46002
2,39,33,68,46002
3,39,33,76,51021
1,39,34,3,2183
2,39,34,3,2183
3,39,34,4,2421
1,39,35,63,42816
2,39,35,63,42816
3,39,35,71,47488
1,39,36,2,1101
2,39,36,2,1101
3,39,36,2,1221
1,39,37,80,54594
2,39,37,80,54594
3,39,37,90,60551
1,39,38,75,50672
2,39,38,75,50672
3,39,38,84,56201
1,39,39,0,0
2,39,39,0,0
3,39,39,0,0
# port times and costs: vessel, cargo, origin port time (in hours), origin port costs (in €), destination port time (in hours), destination port costs (in €)
1,1,28,30200,26,27940
1,2,11,22243,16,31108
1,3,-1,-1,-1,-1
1,4,12,22380,14,25018
1,5,19,23768,20,26068
1,6,22,29497,22,29040
1,7,-1,-1,-1,-1
1,8,12,29497,9,25018
1,9,20,29497,19,28042
1,10,18,26283,21,31577
2,1,-1,-1,-1,-1
2,2,11,22243,16,31108
2,3,-1,-1,-1,-1
2,4,12,22380,14,25018
2,5,19,23768,20,26068
2,6,22,29497,22,29040
2,7,-1,-1,-1,-1
2,8,12,29497,9,25018
2,9,20,29497,19,28042
2,10,18,26283,21,31577
3,1,-1,-1,-1,-1
3,2,10,27643,16,36508
3,3,38,34897,36,31468
3,4,12,27780,14,30418
3,5,18,29168,20,31468
3,6,23,34897,22,34440
3,7,36,33853,36,33442
3,8,12,34897,9,30418
3,9,20,34897,19,33442
3,10,18,31683,21,36977
# EOF